Title_name   max_lat   min_lat   max_lon  min_lon imdv_nx imdv_ny
0.009999990,  0.00999990,     ! dxlat    dxlon
tile1        55.    40.  -110.  -130.    2001  1501    31
tile2        55.    40.   -90.  -110.    2001  1501    31
tile3        55.    40.   -80.   -90.    1001  1501    31
tile4        55.    40.   -60.   -80.    2001  1501    31
tile5        40.    20.  -110.  -130.    2001  2001    31
tile6        40.    20.   -90.  -110.    2001  2001    31
tile7        40.    20.   -80.   -90.    1001  2001    31
tile8        40.    20.   -60.   -80.    2001  2001    31
