  80    38.829    39.840   -75.789   -75.405  Maryland-Delaware state line   
    38.829   -75.723    38.883   -75.727    39.032   -75.739    39.184   -75.751
    39.296   -75.760    39.332   -75.762    39.483   -75.775    39.650   -75.789
    39.723   -75.788    39.723   -75.773    39.731   -75.770    39.740   -75.767
    39.748   -75.761    39.756   -75.755    39.765   -75.748    39.775   -75.738
    39.784   -75.727    39.791   -75.718    39.799   -75.706    39.807   -75.693
    39.815   -75.678    39.820   -75.666    39.827   -75.647    39.831   -75.631
    39.835   -75.615    39.838   -75.596    39.840   -75.577    39.840   -75.560
    39.840   -75.546    39.840   -75.531    39.838   -75.516    39.835   -75.502
    39.831   -75.488    39.827   -75.471    39.821   -75.455    39.816   -75.442
    39.808   -75.425    39.807   -75.423    39.803   -75.415    39.797   -75.405
   8    39.650    39.723   -76.224   -75.788   Maryland-Pennsylvania state line
    39.722   -76.224    39.723   -76.015    39.723   -75.788    39.650   -75.788
  14    39.719    39.722   -77.000   -76.241   Maryland-Pennsylvania state line 
    39.719   -77.000    39.719   -76.997    39.720   -76.840    39.721   -76.558
    39.721   -76.412    39.721   -76.287    39.722   -76.241
 136    39.801    40.122   -76.724   -76.307   Penn county line
    39.801   -76.307    39.807   -76.313    39.813   -76.322    39.816   -76.328
    39.818   -76.331    39.830   -76.343    39.840   -76.351    39.845   -76.352
    39.847   -76.352    39.850   -76.353    39.854   -76.355    39.858   -76.363
    39.863   -76.372    39.870   -76.377    39.877   -76.381    39.879   -76.380
    39.883   -76.379    39.885   -76.379    39.889   -76.380    39.895   -76.383
    39.901   -76.384    39.907   -76.385    39.912   -76.388    39.914   -76.394
    39.915   -76.399    39.917   -76.406    39.921   -76.413    39.926   -76.424
    39.928   -76.430    39.931   -76.438    39.933   -76.446    39.938   -76.458
    39.944   -76.471    39.947   -76.476    39.954   -76.483    39.962   -76.490
    39.974   -76.497    39.979   -76.498    39.989   -76.499    39.998   -76.500
    40.005   -76.503    40.010   -76.506    40.015   -76.512    40.022   -76.520
    40.031   -76.528    40.039   -76.531    40.047   -76.532    40.051   -76.533
    40.054   -76.536    40.055   -76.538    40.054   -76.542    40.052   -76.547
    40.050   -76.553    40.049   -76.557    40.048   -76.567    40.050   -76.577
    40.053   -76.587    40.056   -76.605    40.061   -76.642    40.061   -76.649
    40.067   -76.663    40.073   -76.670    40.082   -76.677    40.085   -76.678
    40.102   -76.693    40.113   -76.708    40.117   -76.715    40.122   -76.724
 240    39.722    40.137   -76.140   -75.876   Penn Lancaster-Chester cty line
    40.137   -75.876    40.126   -75.902    40.121   -75.914    40.114   -75.932
    40.109   -75.942    40.107   -75.942    40.099   -75.941    40.081   -75.937
    40.069   -75.936    40.047   -75.936    40.039   -75.935    40.020   -75.951
    40.012   -75.956    40.002   -75.963    40.001   -75.964    39.985   -75.972
    39.967   -75.987    39.963   -75.987    39.961   -75.989    39.958   -75.990
    39.954   -75.992    39.951   -75.992    39.948   -75.992    39.940   -75.988
    39.936   -75.983    39.933   -75.981    39.932   -75.981    39.931   -75.983
    39.931   -75.984    39.931   -75.986    39.928   -75.990    39.927   -75.992
    39.927   -75.993    39.928   -75.994    39.928   -75.997    39.927   -75.998
    39.926   -75.997    39.924   -75.996    39.903   -75.996    39.901   -75.995
    39.898   -75.991    39.895   -75.989    39.893   -75.988    39.887   -75.990
    39.883   -75.991    39.880   -75.992    39.877   -75.988    39.874   -75.987
    39.873   -75.988    39.872   -75.991    39.870   -75.993    39.870   -75.994
    39.870   -75.996    39.871   -75.998    39.873   -75.999    39.874   -76.002
    39.873   -76.004    39.871   -76.005    39.867   -76.007    39.854   -76.009
    39.853   -76.011    39.853   -76.013    39.854   -76.017    39.854   -76.018
    39.854   -76.021    39.852   -76.022    39.846   -76.023    39.838   -76.021
    39.834   -76.019    39.832   -76.019    39.831   -76.024    39.830   -76.025
    39.826   -76.026    39.825   -76.027    39.821   -76.032    39.817   -76.031
    39.813   -76.031    39.808   -76.036    39.803   -76.038    39.796   -76.045
    39.790   -76.048    39.785   -76.051    39.782   -76.054    39.780   -76.057
    39.779   -76.062    39.775   -76.062    39.773   -76.063    39.771   -76.066
    39.767   -76.066    39.764   -76.066    39.763   -76.068    39.761   -76.081
    39.759   -76.084    39.754   -76.085    39.747   -76.088    39.745   -76.091
    39.745   -76.096    39.745   -76.101    39.742   -76.102    39.740   -76.102
    39.738   -76.099    39.736   -76.096    39.732   -76.097    39.728   -76.100
    39.725   -76.105    39.727   -76.111    39.729   -76.114    39.732   -76.112
    39.735   -76.112    39.737   -76.115    39.736   -76.120    39.733   -76.121
    39.730   -76.119    39.726   -76.119    39.724   -76.124    39.726   -76.127
    39.728   -76.131    39.728   -76.134    39.726   -76.138    39.722   -76.140
 136    39.719    40.072   -77.139   -76.958   Penn Adams-York county line
    39.719   -77.000    39.750   -77.000    39.759   -77.000    39.775   -77.000
    39.800   -77.000    39.801   -77.000    39.831   -77.001    39.833   -76.996
    39.834   -76.992    39.836   -76.989    39.839   -76.986    39.844   -76.983
    39.848   -76.982    39.850   -76.973    39.851   -76.972    39.852   -76.966
    39.852   -76.964    39.854   -76.961    39.857   -76.958    39.858   -76.958
    39.861   -76.959    39.862   -76.960    39.865   -76.963    39.868   -76.964
    39.872   -76.965    39.874   -76.966    39.873   -76.968    39.873   -76.971
    39.874   -76.974    39.875   -76.977    39.877   -76.979    39.881   -76.980
    39.901   -76.985    39.903   -76.984    39.907   -76.981    39.911   -76.977
    39.916   -76.972    39.919   -76.971    39.921   -76.971    39.923   -76.973
    39.926   -76.973    39.932   -76.973    39.934   -76.972    39.936   -76.969
    39.937   -76.969    39.981   -76.999    40.011   -77.018    40.016   -77.023
    40.019   -77.028    40.019   -77.033    40.020   -77.039    40.022   -77.048
    40.023   -77.057    40.024   -77.062    40.027   -77.067    40.033   -77.074
    40.041   -77.078    40.048   -77.084    40.051   -77.087    40.058   -77.096
    40.061   -77.099    40.063   -77.108    40.064   -77.109    40.064   -77.112
    40.065   -77.115    40.068   -77.124    40.071   -77.135    40.072   -77.139
  24    38.801    39.132   -77.009   -76.888  Montgomery-Prince Georges cty line
    39.132   -76.888    39.044   -76.954    39.026   -76.966    38.983   -76.998
    38.969   -77.009    38.954   -76.989    38.910   -76.932    38.892   -76.910
    38.887   -76.918    38.862   -76.950    38.829   -76.992    38.801   -77.026
  80    39.242    39.262   -75.930   -75.756  Kent-Queen Annes county line
    39.247   -75.930    39.245   -75.918    39.246   -75.910    39.247   -75.896
    39.250   -75.894    39.254   -75.892    39.254   -75.891    39.255   -75.889
    39.254   -75.887    39.252   -75.886    39.251   -75.885    39.251   -75.884
    39.251   -75.879    39.250   -75.875    39.252   -75.873    39.255   -75.871
    39.258   -75.869    39.260   -75.867    39.262   -75.864    39.261   -75.853
    39.260   -75.851    39.259   -75.848    39.258   -75.845    39.258   -75.843
    39.254   -75.838    39.247   -75.824    39.246   -75.821    39.246   -75.813
    39.244   -75.809    39.243   -75.807    39.243   -75.806    39.243   -75.804
    39.242   -75.801    39.242   -75.800    39.244   -75.793    39.245   -75.784
    39.245   -75.775    39.247   -75.771    39.247   -75.762    39.246   -75.756
 300    38.827    39.144   -75.950   -75.748   Queen Annes-Caroline cty line
    39.144   -75.748    39.143   -75.751    39.140   -75.759    39.136   -75.771
    39.135   -75.789    39.134   -75.791    39.131   -75.795    39.130   -75.799
    39.128   -75.801    39.127   -75.803    39.125   -75.806    39.122   -75.807
    39.117   -75.821    39.116   -75.822    39.114   -75.823    39.110   -75.828
    39.109   -75.832    39.107   -75.836    39.105   -75.836    39.103   -75.839
    39.101   -75.840    39.099   -75.841    39.096   -75.841    39.094   -75.842
    39.093   -75.843    39.090   -75.846    39.087   -75.847    39.085   -75.847
    39.083   -75.847    39.075   -75.849    39.071   -75.852    39.063   -75.860
    39.061   -75.865    39.057   -75.871    39.050   -75.874    39.048   -75.877
    39.042   -75.877    39.040   -75.877    39.036   -75.881    39.035   -75.882
    39.032   -75.882    39.029   -75.883    39.025   -75.888    39.018   -75.895
    39.017   -75.899    39.017   -75.900    39.016   -75.902    39.013   -75.903
    39.011   -75.908    39.010   -75.909    39.007   -75.911    39.004   -75.916
    39.002   -75.917    38.998   -75.919    38.997   -75.920    38.995   -75.922
    38.993   -75.924    38.991   -75.928    38.988   -75.929    38.986   -75.931
    38.984   -75.933    38.982   -75.934    38.979   -75.936    38.977   -75.938
    38.976   -75.937    38.975   -75.935    38.973   -75.934    38.970   -75.936
    38.968   -75.941    38.966   -75.940    38.961   -75.938    38.960   -75.937
    38.957   -75.938    38.956   -75.938    38.955   -75.939    38.953   -75.940
    38.952   -75.940    38.948   -75.943    38.947   -75.945    38.946   -75.947
    38.943   -75.948    38.942   -75.948    38.940   -75.946    38.938   -75.948
    38.936   -75.948    38.933   -75.948    38.931   -75.950    38.930   -75.950
    38.926   -75.949    38.925   -75.949    38.923   -75.947    38.920   -75.946
    38.918   -75.945    38.917   -75.945    38.915   -75.945    38.912   -75.946
    38.909   -75.946    38.909   -75.942    38.907   -75.942    38.904   -75.945
    38.901   -75.945    38.898   -75.944    38.896   -75.944    38.893   -75.945
    38.891   -75.944    38.889   -75.941    38.888   -75.940    38.885   -75.941
    38.884   -75.947    38.881   -75.949    38.880   -75.949    38.879   -75.945
    38.880   -75.943    38.880   -75.942    38.882   -75.939    38.881   -75.937
    38.879   -75.937    38.877   -75.940    38.874   -75.942    38.872   -75.941
    38.869   -75.940    38.867   -75.938    38.867   -75.933    38.866   -75.932
    38.865   -75.932    38.863   -75.932    38.861   -75.927    38.860   -75.926
    38.859   -75.922    38.857   -75.920    38.856   -75.921    38.854   -75.921
    38.853   -75.923    38.852   -75.924    38.852   -75.925    38.850   -75.926
    38.848   -75.928    38.847   -75.925    38.845   -75.919    38.845   -75.918
    38.844   -75.918    38.842   -75.921    38.840   -75.923    38.837   -75.924
    38.837   -75.923    38.835   -75.920    38.832   -75.911    38.830   -75.910
    38.827   -75.906    38.827   -75.902
 236    38.747    39.105   -76.840   -76.671  Anne Arundel-Prince Georges cty ln
    39.105   -76.840    39.104   -76.838    39.098   -76.837    39.095   -76.827
    39.092   -76.827    39.090   -76.830    39.087   -76.833    39.085   -76.835
    39.081   -76.835    39.078   -76.835    39.075   -76.835    39.073   -76.837
    39.069   -76.836    39.069   -76.835    39.068   -76.832    39.068   -76.831
    39.066   -76.824    39.064   -76.821    39.062   -76.810    39.060   -76.808
    39.057   -76.806    39.055   -76.802    39.052   -76.800    39.049   -76.796
    39.047   -76.793    39.045   -76.788    39.047   -76.781    39.047   -76.780
    39.044   -76.774    39.042   -76.774    39.040   -76.770    39.040   -76.767
    39.037   -76.761    39.037   -76.760    39.036   -76.757    39.036   -76.757
    39.035   -76.754    39.033   -76.750    39.032   -76.750    39.030   -76.750
    39.027   -76.745    39.025   -76.745    39.023   -76.744    39.019   -76.745
    39.015   -76.741    39.008   -76.732    39.006   -76.729    39.005   -76.726
    39.002   -76.726    38.999   -76.725    38.997   -76.723    38.995   -76.717
    38.994   -76.711    38.990   -76.709    38.983   -76.701    38.981   -76.702
    38.976   -76.704    38.972   -76.705    38.970   -76.705    38.966   -76.702
    38.963   -76.700    38.957   -76.698    38.954   -76.696    38.944   -76.695
    38.942   -76.695    38.940   -76.693    38.938   -76.693    38.935   -76.694
    38.933   -76.693    38.933   -76.691    38.932   -76.688    38.931   -76.687
    38.927   -76.685    38.924   -76.686    38.923   -76.690    38.922   -76.691
    38.920   -76.690    38.917   -76.688    38.916   -76.683    38.908   -76.679
    38.905   -76.672    38.900   -76.671    38.896   -76.676    38.892   -76.677
    38.890   -76.677    38.887   -76.675    38.886   -76.673    38.885   -76.675
    38.882   -76.677    38.874   -76.679    38.865   -76.686    38.863   -76.690
    38.858   -76.693    38.854   -76.692    38.847   -76.697    38.839   -76.701
    38.829   -76.700    38.820   -76.698    38.815   -76.703    38.816   -76.707
    38.813   -76.711    38.808   -76.711    38.805   -76.710    38.799   -76.712
    38.796   -76.711    38.789   -76.705    38.787   -76.704    38.786   -76.705
    38.783   -76.711    38.781   -76.714    38.776   -76.714    38.774   -76.714
    38.767   -76.703    38.765   -76.702    38.757   -76.700    38.751   -76.700
    38.748   -76.698    38.747   -76.687
 166    39.127    39.348   -77.185   -76.888   Howard-Montgomery county line
    39.348   -77.182    39.342   -77.185    39.334   -77.183    39.320   -77.174
    39.313   -77.168    39.308   -77.162    39.302   -77.155    39.297   -77.145
    39.293   -77.141    39.286   -77.137    39.283   -77.138    39.278   -77.133
    39.272   -77.133    39.271   -77.130    39.270   -77.120    39.266   -77.114
    39.267   -77.104    39.258   -77.078    39.253   -77.067    39.246   -77.063
    39.240   -77.061    39.238   -77.049    39.226   -77.036    39.218   -77.029
    39.211   -77.019    39.208   -77.014    39.205   -77.011    39.200   -77.011
    39.197   -77.011    39.195   -77.011    39.193   -77.007    39.192   -77.007
    39.189   -77.006    39.187   -77.006    39.186   -77.007    39.184   -77.008
    39.182   -77.009    39.181   -77.006    39.179   -77.006    39.179   -77.006
    39.177   -77.006    39.176   -77.004    39.176   -77.000    39.176   -76.999
    39.175   -76.999    39.173   -76.999    39.170   -77.000    39.167   -76.997
    39.167   -76.988    39.165   -76.985    39.163   -76.977    39.162   -76.973
    39.160   -76.973    39.155   -76.974    39.152   -76.976    39.152   -76.974
    39.150   -76.970    39.149   -76.964    39.146   -76.958    39.146   -76.955
    39.146   -76.953    39.145   -76.951    39.144   -76.951    39.142   -76.951
    39.140   -76.952    39.138   -76.953    39.137   -76.957    39.137   -76.958
    39.131   -76.948    39.133   -76.942    39.134   -76.938    39.135   -76.935
    39.138   -76.934    39.138   -76.932    39.138   -76.928    39.135   -76.925
    39.132   -76.919    39.131   -76.917    39.128   -76.912    39.127   -76.903
    39.128   -76.897    39.131   -76.893    39.132   -76.888
  20    39.105    39.132   -76.888   -76.840   Howard-Prince Georges county line
    39.105   -76.840    39.107   -76.844    39.109   -76.849    39.110   -76.858
    39.116   -76.871    39.121   -76.875    39.125   -76.881    39.128   -76.883
    39.131   -76.884    39.132   -76.888
  70    39.105    39.214   -76.840   -76.701   Howard-Anne Arundel county line
    39.214   -76.701    39.209   -76.705    39.207   -76.706    39.206   -76.707
    39.204   -76.709    39.203   -76.710    39.201   -76.711    39.198   -76.712
    39.194   -76.713    39.193   -76.716    39.191   -76.720    39.190   -76.721
    39.187   -76.722    39.185   -76.723    39.185   -76.725    39.184   -76.730
    39.180   -76.737    39.181   -76.747    39.178   -76.753    39.171   -76.762
    39.166   -76.770    39.152   -76.779    39.143   -76.785    39.131   -76.789
    39.128   -76.793    39.124   -76.800    39.126   -76.806    39.125   -76.813
    39.124   -76.817    39.119   -76.826    39.115   -76.828    39.112   -76.827
    39.110   -76.830    39.108   -76.836    39.105   -76.840
 114    39.214    39.351   -76.881   -76.701   Howard-Baltimore county line
    39.351   -76.881    39.345   -76.879    39.341   -76.875    39.338   -76.875
    39.334   -76.877    39.333   -76.875    39.333   -76.872    39.332   -76.866
    39.332   -76.864    39.329   -76.859    39.325   -76.857    39.322   -76.854
    39.319   -76.854    39.319   -76.848    39.317   -76.841    39.318   -76.836
    39.317   -76.833    39.319   -76.827    39.319   -76.824    39.314   -76.820
    39.313   -76.816    39.313   -76.813    39.316   -76.808    39.317   -76.802
    39.315   -76.795    39.313   -76.794    39.310   -76.793    39.306   -76.794
    39.304   -76.794    39.302   -76.791    39.299   -76.782    39.298   -76.780
    39.297   -76.779    39.295   -76.779    39.292   -76.782    39.284   -76.784
    39.276   -76.787    39.270   -76.791    39.268   -76.791    39.266   -76.789
    39.262   -76.785    39.261   -76.776    39.255   -76.769    39.251   -76.765
    39.248   -76.760    39.245   -76.759    39.241   -76.752    39.232   -76.743
    39.230   -76.737    39.229   -76.730    39.229   -76.729    39.230   -76.723
    39.227   -76.718    39.225   -76.715    39.223   -76.710    39.218   -76.706
    39.214   -76.701
 154    39.400    39.721   -76.570   -76.361   Baltimore-Harford county line
    39.400   -76.361    39.400   -76.361    39.405   -76.371    39.408   -76.371
    39.416   -76.370    39.419   -76.373    39.425   -76.380    39.429   -76.379
    39.439   -76.380    39.445   -76.380    39.453   -76.388    39.456   -76.388
    39.459   -76.388    39.460   -76.389    39.462   -76.392    39.466   -76.395
    39.470   -76.399    39.471   -76.403    39.473   -76.406    39.476   -76.408
    39.479   -76.411    39.478   -76.415    39.478   -76.419    39.479   -76.420
    39.481   -76.422    39.483   -76.426    39.487   -76.429    39.488   -76.432
    39.490   -76.434    39.494   -76.434    39.498   -76.431    39.502   -76.429
    39.503   -76.430    39.505   -76.430    39.506   -76.432    39.506   -76.433
    39.505   -76.436    39.504   -76.438    39.504   -76.440    39.505   -76.440
    39.508   -76.445    39.507   -76.449    39.509   -76.457    39.510   -76.460
    39.511   -76.462    39.511   -76.466    39.516   -76.471    39.516   -76.474
    39.517   -76.478    39.520   -76.481    39.525   -76.488    39.525   -76.498
    39.524   -76.505    39.527   -76.511    39.533   -76.517    39.537   -76.522
    39.544   -76.528    39.546   -76.534    39.547   -76.533    39.552   -76.535
    39.556   -76.535    39.558   -76.534    39.560   -76.535    39.563   -76.537
    39.567   -76.540    39.569   -76.542    39.573   -76.543    39.575   -76.545
    39.578   -76.546    39.579   -76.546    39.583   -76.547    39.586   -76.549
    39.588   -76.550    39.591   -76.556    39.597   -76.560    39.617   -76.567
    39.721   -76.570
 128    39.351    39.721   -76.897   -76.789   Carroll-Baltimore county line
    39.721   -76.789    39.501   -76.868    39.494   -76.871    39.490   -76.869
    39.485   -76.868    39.482   -76.872    39.480   -76.876    39.479   -76.877
    39.478   -76.878    39.477   -76.880    39.472   -76.882    39.468   -76.884
    39.464   -76.886    39.462   -76.888    39.460   -76.889    39.458   -76.889
    39.456   -76.891    39.454   -76.889    39.452   -76.885    39.453   -76.879
    39.451   -76.876    39.448   -76.877    39.446   -76.883    39.445   -76.889
    39.442   -76.891    39.440   -76.891    39.438   -76.892    39.437   -76.894
    39.434   -76.897    39.430   -76.897    39.426   -76.896    39.423   -76.888
    39.421   -76.882    39.420   -76.879    39.419   -76.878    39.415   -76.880
    39.413   -76.882    39.407   -76.883    39.403   -76.881    39.399   -76.883
    39.395   -76.883    39.391   -76.882    39.389   -76.885    39.387   -76.886
    39.385   -76.889    39.383   -76.889    39.380   -76.892    39.373   -76.889
    39.371   -76.888    39.367   -76.886    39.365   -76.884    39.365   -76.882
    39.364   -76.880    39.362   -76.880    39.360   -76.879    39.359   -76.878
    39.359   -76.877    39.358   -76.876    39.357   -76.875    39.356   -76.875
    39.356   -76.876    39.356   -76.878    39.356   -76.879    39.351   -76.881
  92    39.349    39.369   -77.169   -76.881   Carroll-Howard county line
    39.351   -76.881    39.353   -76.888    39.354   -76.896    39.355   -76.902
    39.355   -76.904    39.354   -76.907    39.352   -76.909    39.350   -76.909
    39.349   -76.910    39.349   -76.912    39.350   -76.914    39.351   -76.921
    39.353   -76.925    39.354   -76.929    39.358   -76.936    39.358   -76.938
    39.357   -76.943    39.359   -76.948    39.357   -76.959    39.359   -76.962
    39.361   -76.970    39.360   -76.976    39.361   -76.985    39.356   -77.006
    39.352   -77.016    39.353   -77.028    39.354   -77.035    39.361   -77.050
    39.360   -77.056    39.359   -77.060    39.360   -77.065    39.363   -77.069
    39.366   -77.082    39.369   -77.089    39.369   -77.094    39.369   -77.101
    39.368   -77.104    39.365   -77.110    39.364   -77.116    39.363   -77.125
    39.360   -77.135    39.354   -77.144    39.350   -77.151    39.351   -77.157
    39.354   -77.166    39.354   -77.169
 160    39.205    39.372   -76.712   -76.530   Baltimore county line
    39.243   -76.530    39.317   -76.530    39.370   -76.531    39.372   -76.531
    39.372   -76.605    39.372   -76.684    39.372   -76.712    39.348   -76.712
    39.277   -76.711    39.237   -76.619    39.227   -76.604    39.207   -76.585
    39.205   -76.579    39.206   -76.579    39.209   -76.583    39.211   -76.585
    39.215   -76.584    39.217   -76.581    39.220   -76.577    39.223   -76.575
    39.226   -76.577    39.228   -76.576    39.228   -76.571    39.228   -76.566
    39.232   -76.565    39.238   -76.570    39.242   -76.575    39.245   -76.580
    39.247   -76.587    39.248   -76.594    39.249   -76.599    39.249   -76.604
    39.247   -76.608    39.245   -76.611    39.242   -76.615    39.247   -76.617
    39.250   -76.620    39.252   -76.627    39.256   -76.627    39.260   -76.625
    39.263   -76.625    39.267   -76.628    39.271   -76.626    39.274   -76.624
    39.271   -76.621    39.266   -76.621    39.262   -76.621    39.259   -76.619
    39.257   -76.617    39.260   -76.613    39.261   -76.609    39.264   -76.599
    39.268   -76.590    39.273   -76.591    39.275   -76.596    39.277   -76.602
    39.277   -76.605    39.277   -76.609    39.279   -76.610    39.284   -76.609
    39.287   -76.607    39.288   -76.603    39.284   -76.595    39.281   -76.591
    39.281   -76.584    39.280   -76.575    39.274   -76.572    39.266   -76.572
    39.263   -76.571    39.262   -76.569    39.265   -76.563    39.264   -76.556
    39.261   -76.553    39.260   -76.549    39.258   -76.542    39.256   -76.540
    39.248   -76.538    39.242   -76.536    39.243   -76.533    39.243   -76.530
 392    39.298    39.786   -75.564   -75.432   Delaware Bay (to right)
    39.298   -75.433    39.305   -75.437    39.311   -75.439    39.317   -75.441
    39.320   -75.446    39.321   -75.454    39.324   -75.457    39.329   -75.459
    39.334   -75.464    39.336   -75.474    39.339   -75.479    39.341   -75.482
    39.341   -75.485    39.338   -75.485    39.333   -75.483    39.329   -75.485
    39.329   -75.488    39.335   -75.492    39.336   -75.495    39.336   -75.503
    39.337   -75.505    39.340   -75.503    39.344   -75.501    39.345   -75.502
    39.349   -75.504    39.350   -75.504    39.350   -75.496    39.350   -75.495
    39.355   -75.496    39.360   -75.501    39.365   -75.506    39.365   -75.511
    39.365   -75.515    39.370   -75.517    39.377   -75.513    39.380   -75.514
    39.384   -75.517    39.389   -75.522    39.393   -75.524    39.395   -75.527
    39.394   -75.530    39.393   -75.535    39.395   -75.541    39.397   -75.543
    39.398   -75.542    39.399   -75.538    39.398   -75.533    39.398   -75.529
    39.401   -75.524    39.407   -75.527    39.409   -75.529    39.410   -75.534
    39.413   -75.537    39.419   -75.538    39.422   -75.539    39.427   -75.544
    39.432   -75.554    39.437   -75.558    39.442   -75.559    39.447   -75.549
    39.456   -75.561    39.483   -75.564    39.497   -75.559    39.498   -75.554
    39.498   -75.544    39.498   -75.536    39.498   -75.533    39.498   -75.531
    39.499   -75.528    39.499   -75.528    39.501   -75.528    39.501   -75.528
    39.503   -75.528    39.506   -75.530    39.507   -75.530    39.509   -75.531
    39.511   -75.531    39.513   -75.530    39.515   -75.529    39.518   -75.528
    39.519   -75.529    39.521   -75.529    39.523   -75.529    39.527   -75.528
    39.531   -75.527    39.534   -75.526    39.535   -75.526    39.536   -75.527
    39.537   -75.529    39.538   -75.531    39.540   -75.533    39.541   -75.534
    39.544   -75.533    39.546   -75.531    39.549   -75.527    39.551   -75.524
    39.554   -75.521    39.556   -75.519    39.558   -75.517    39.561   -75.516
    39.564   -75.514    39.567   -75.513    39.570   -75.511    39.573   -75.510
    39.576   -75.511    39.579   -75.513    39.581   -75.516    39.583   -75.519
    39.584   -75.524    39.585   -75.528    39.586   -75.530    39.588   -75.532
    39.589   -75.534    39.591   -75.535    39.593   -75.536    39.594   -75.536
    39.595   -75.538    39.596   -75.540    39.597   -75.542    39.598   -75.545
    39.598   -75.545    39.600   -75.549    39.603   -75.553    39.605   -75.555
    39.606   -75.556    39.608   -75.556    39.615   -75.558    39.621   -75.560
    39.625   -75.560    39.629   -75.559    39.632   -75.558    39.635   -75.556
    39.637   -75.554    39.639   -75.551    39.640   -75.549    39.642   -75.547
    39.644   -75.545    39.646   -75.542    39.647   -75.538    39.649   -75.534
    39.650   -75.533    39.651   -75.532    39.653   -75.531    39.655   -75.529
    39.657   -75.528    39.659   -75.526    39.661   -75.523    39.663   -75.521
    39.665   -75.518    39.667   -75.516    39.670   -75.514    39.673   -75.512
    39.676   -75.512    39.680   -75.511    39.682   -75.511    39.686   -75.510
    39.690   -75.510    39.694   -75.509    39.696   -75.508    39.698   -75.506
    39.700   -75.504    39.702   -75.501    39.704   -75.498    39.708   -75.496
    39.713   -75.494    39.715   -75.493    39.716   -75.491    39.717   -75.490
    39.716   -75.488    39.716   -75.486    39.716   -75.484    39.716   -75.483
    39.717   -75.481    39.719   -75.481    39.720   -75.481    39.723   -75.480
    39.727   -75.479    39.730   -75.478    39.733   -75.478    39.736   -75.477
    39.739   -75.474    39.743   -75.472    39.746   -75.470    39.750   -75.468
    39.754   -75.467    39.757   -75.465    39.760   -75.464    39.762   -75.462
    39.764   -75.460    39.766   -75.458    39.767   -75.456    39.770   -75.453
    39.773   -75.450    39.779   -75.443    39.784   -75.435    39.786   -75.432
  66    39.440    39.482   -76.093   -76.061   Spesutie Island
    39.482   -76.087    39.480   -76.090    39.476   -76.089    39.472   -76.089
    39.465   -76.089    39.458   -76.091    39.451   -76.093    39.447   -76.092
    39.446   -76.088    39.444   -76.083    39.440   -76.082    39.441   -76.079
    39.445   -76.074    39.449   -76.070    39.453   -76.067    39.453   -76.062
    39.455   -76.061    39.457   -76.061    39.459   -76.062    39.459   -76.063
    39.461   -76.067    39.463   -76.070    39.465   -76.072    39.469   -76.070
    39.473   -76.069    39.474   -76.069    39.476   -76.070    39.479   -76.073
    39.478   -76.076    39.477   -76.080    39.478   -76.082    39.480   -76.083
    39.482   -76.087
  30    39.234    39.250   -76.391   -76.371   Miller Island
    39.250   -76.380    39.250   -76.383    39.248   -76.385    39.246   -76.387
    39.242   -76.389    39.237   -76.391    39.234   -76.390    39.234   -76.387
    39.235   -76.386    39.240   -76.382    39.244   -76.378    39.246   -76.376
    39.250   -76.371    39.250   -76.377    39.250   -76.380
  44    39.282    39.297   -76.274   -76.258   Pooles Island
    39.286   -76.262    39.287   -76.259    39.289   -76.258    39.291   -76.259
    39.294   -76.260    39.296   -76.261    39.297   -76.262    39.297   -76.265
    39.295   -76.268    39.294   -76.272    39.292   -76.274    39.291   -76.274
    39.289   -76.273    39.287   -76.271    39.284   -76.272    39.282   -76.272
    39.282   -76.269    39.282   -76.268    39.282   -76.267    39.283   -76.265
    39.285   -76.265    39.286   -76.262
 102    38.903    38.867   -76.114   -76.185   X Island 
    38.900   -76.166    38.897   -76.164    38.892   -76.164    38.889   -76.166
    38.888   -76.169    38.887   -76.172    38.884   -76.174    38.882   -76.178
    38.882   -76.182    38.882   -76.184    38.877   -76.185    38.873   -76.184
    38.870   -76.183    38.867   -76.180    38.867   -76.178    38.869   -76.175
    38.871   -76.172    38.873   -76.167    38.875   -76.163    38.877   -76.164
    38.879   -76.167    38.882   -76.164    38.883   -76.159    38.884   -76.153
    38.886   -76.151    38.889   -76.147    38.887   -76.144    38.886   -76.142
    38.887   -76.139    38.889   -76.138    38.890   -76.137    38.889   -76.135
    38.888   -76.131    38.887   -76.124    38.887   -76.118    38.891   -76.114
    38.893   -76.115    38.894   -76.118    38.894   -76.121    38.897   -76.126
    38.898   -76.127    38.902   -76.130    38.903   -76.131    38.903   -76.135
    38.902   -76.138    38.902   -76.139    38.901   -76.148    38.901   -76.155
    38.902   -76.161    38.903   -76.165    38.900   -76.166
  22    38.918    38.906   -76.239   -76.251   Y Island
    38.907   -76.245    38.909   -76.242    38.913   -76.239    38.916   -76.240
    38.918   -76.243    38.916   -76.247    38.912   -76.249    38.909   -76.251
    38.906   -76.251    38.906   -76.247    38.907   -76.245
 400    38.842    39.041   -76.376   -76.246  Kent Island
    38.999   -76.288    39.007   -76.293    39.012   -76.296    39.018   -76.298
    39.026   -76.299    39.030   -76.299    39.034   -76.299    39.037   -76.297
    39.039   -76.296    39.041   -76.298    39.041   -76.300    39.040   -76.303
    39.038   -76.306    39.034   -76.309    39.031   -76.312    39.029   -76.318
    39.027   -76.321    39.022   -76.324    39.014   -76.326    39.007   -76.326
    38.998   -76.325    38.995   -76.326    38.988   -76.330    38.986   -76.333
    38.984   -76.339    38.979   -76.342    38.974   -76.344    38.970   -76.348
    38.961   -76.353    38.958   -76.357    38.955   -76.358    38.951   -76.359
    38.943   -76.362    38.936   -76.362    38.928   -76.363    38.920   -76.365
    38.914   -76.368    38.906   -76.366    38.900   -76.364    38.890   -76.360
    38.885   -76.359    38.876   -76.363    38.864   -76.369    38.859   -76.373
    38.854   -76.376    38.851   -76.375    38.850   -76.373    38.845   -76.373
    38.842   -76.373    38.843   -76.369    38.845   -76.367    38.848   -76.366
    38.851   -76.363    38.855   -76.362    38.859   -76.358    38.862   -76.355
    38.863   -76.346    38.868   -76.342    38.873   -76.343    38.875   -76.341
    38.873   -76.338    38.872   -76.335    38.872   -76.332    38.876   -76.330
    38.881   -76.328    38.889   -76.329    38.895   -76.332    38.896   -76.332
    38.896   -76.336    38.895   -76.340    38.897   -76.343    38.898   -76.344
    38.901   -76.342    38.903   -76.339    38.906   -76.337    38.909   -76.337
    38.914   -76.339    38.919   -76.342    38.924   -76.343    38.926   -76.340
    38.924   -76.337    38.922   -76.335    38.921   -76.334    38.922   -76.331
    38.924   -76.327    38.922   -76.326    38.918   -76.328    38.914   -76.327
    38.912   -76.323    38.914   -76.320    38.916   -76.319    38.919   -76.318
    38.923   -76.319    38.932   -76.318    38.938   -76.315    38.942   -76.314
    38.943   -76.316    38.945   -76.322    38.945   -76.329    38.947   -76.333
    38.953   -76.337    38.955   -76.338    38.957   -76.339    38.959   -76.336
    38.959   -76.333    38.958   -76.328    38.956   -76.325    38.955   -76.320
    38.954   -76.317    38.954   -76.314    38.955   -76.313    38.959   -76.311
    38.962   -76.312    38.967   -76.311    38.966   -76.307    38.964   -76.305
    38.961   -76.305    38.960   -76.304    38.964   -76.300    38.967   -76.298
    38.968   -76.295    38.965   -76.294    38.961   -76.293    38.958   -76.295
    38.956   -76.296    38.955   -76.297    38.953   -76.298    38.951   -76.298
    38.944   -76.299    38.938   -76.303    38.934   -76.306    38.928   -76.307
    38.924   -76.305    38.918   -76.303    38.912   -76.298    38.908   -76.293
    38.909   -76.290    38.910   -76.292    38.912   -76.292    38.914   -76.292
    38.917   -76.293    38.920   -76.294    38.926   -76.294    38.929   -76.293
    38.934   -76.293    38.938   -76.290    38.941   -76.286    38.942   -76.280
    38.942   -76.275    38.943   -76.272    38.946   -76.273    38.949   -76.274
    38.950   -76.271    38.948   -76.268    38.943   -76.266    38.938   -76.264
    38.933   -76.263    38.926   -76.264    38.923   -76.262    38.922   -76.258
    38.922   -76.252    38.924   -76.247    38.927   -76.246    38.930   -76.249
    38.932   -76.252    38.934   -76.256    38.937   -76.256    38.939   -76.252
    38.941   -76.249    38.943   -76.251    38.948   -76.250    38.952   -76.250
    38.954   -76.253    38.952   -76.257    38.951   -76.260    38.951   -76.263
    38.953   -76.265    38.954   -76.266    38.955   -76.266    38.959   -76.266
    38.958   -76.261    38.958   -76.257    38.960   -76.256    38.964   -76.256
    38.965   -76.251    38.968   -76.250    38.974   -76.249    38.979   -76.248
    38.983   -76.252    38.983   -76.255    38.981   -76.257    38.979   -76.258
    38.981   -76.259    38.986   -76.259    38.987   -76.262    38.987   -76.267
    38.988   -76.272    38.991   -76.280    38.994   -76.285    38.999   -76.288
 6320    38.583    39.805   -76.628   -75.831  Chesapeake Bay
    38.827   -75.902    38.825   -75.902    38.823   -75.901    38.820   -75.904
    38.816   -75.904    38.814   -75.908    38.814   -75.910    38.812   -75.913
    38.809   -75.922    38.805   -75.931    38.803   -75.933    38.800   -75.935
    38.796   -75.939    38.793   -75.941    38.791   -75.945    38.788   -75.950
    38.788   -75.952    38.790   -75.956    38.790   -75.960    38.789   -75.963
    38.785   -75.965    38.782   -75.968    38.778   -75.972    38.775   -75.978
    38.772   -75.987    38.767   -75.993    38.762   -75.997    38.760   -75.999
    38.755   -76.001    38.753   -76.001    38.749   -76.000    38.743   -76.000
    38.741   -76.004    38.740   -76.007    38.740   -76.011    38.739   -76.014
    38.736   -76.016    38.732   -76.017    38.729   -76.018    38.726   -76.015
    38.723   -76.011    38.720   -76.005    38.716   -76.000    38.712   -75.998
    38.706   -75.997    38.703   -75.999    38.699   -75.998    38.695   -75.995
    38.694   -75.988    38.694   -75.982    38.694   -75.978    38.690   -75.975
    38.685   -75.973    38.680   -75.969    38.675   -75.963    38.668   -75.959
    38.661   -75.961    38.655   -75.962    38.651   -75.964    38.647   -75.968
    38.643   -75.976    38.642   -75.983    38.641   -75.989    38.636   -75.994
    38.633   -75.996    38.627   -75.993    38.623   -75.991    38.619   -75.989
    38.614   -75.988    38.610   -75.988    38.607   -75.993    38.603   -75.998
    38.600   -75.999    38.596   -75.999    38.593   -76.000    38.592   -76.004
    38.592   -76.008    38.592   -76.014    38.591   -76.018    38.587   -76.021
    38.584   -76.025    38.581   -76.029    38.583   -76.032    38.586   -76.034
    38.589   -76.032    38.590   -76.029    38.592   -76.029    38.595   -76.026
    38.594   -76.022    38.600   -76.020    38.603   -76.022    38.606   -76.023
    38.608   -76.020    38.610   -76.018    38.612   -76.022    38.615   -76.025
    38.618   -76.025    38.622   -76.028    38.620   -76.032    38.617   -76.032
    38.611   -76.031    38.605   -76.030    38.600   -76.034    38.597   -76.037
    38.596   -76.040    38.592   -76.047    38.594   -76.053    38.600   -76.059
    38.609   -76.069    38.611   -76.076    38.614   -76.078    38.618   -76.072
    38.622   -76.074    38.622   -76.083    38.620   -76.087    38.617   -76.092
    38.619   -76.093    38.622   -76.089    38.626   -76.092    38.630   -76.095
    38.631   -76.097    38.627   -76.100    38.623   -76.103    38.619   -76.105
    38.616   -76.104    38.614   -76.107    38.616   -76.108    38.620   -76.111
    38.624   -76.112    38.629   -76.112    38.633   -76.108    38.635   -76.105
    38.640   -76.103    38.642   -76.095    38.645   -76.089    38.652   -76.088
    38.657   -76.087    38.659   -76.092    38.662   -76.091    38.663   -76.094
    38.661   -76.100    38.657   -76.104    38.652   -76.109    38.648   -76.117
    38.644   -76.117    38.641   -76.115    38.636   -76.118    38.639   -76.126
    38.640   -76.134    38.638   -76.141    38.638   -76.143    38.636   -76.147
    38.640   -76.148    38.645   -76.147    38.650   -76.148    38.653   -76.150
    38.657   -76.146    38.659   -76.142    38.659   -76.142    38.660   -76.135
    38.659   -76.130    38.660   -76.128    38.664   -76.125    38.666   -76.117
    38.668   -76.107    38.669   -76.097    38.675   -76.096    38.679   -76.098
    38.681   -76.096    38.684   -76.089    38.690   -76.087    38.691   -76.093
    38.689   -76.097    38.684   -76.106    38.682   -76.114    38.681   -76.118
    38.679   -76.118    38.675   -76.120    38.675   -76.123    38.673   -76.128
    38.671   -76.137    38.671   -76.142    38.667   -76.144    38.667   -76.150
    38.664   -76.160    38.664   -76.166    38.667   -76.173    38.674   -76.177
    38.681   -76.175    38.683   -76.173    38.687   -76.174    38.690   -76.174
    38.691   -76.169    38.690   -76.166    38.692   -76.163    38.699   -76.165
    38.701   -76.162    38.702   -76.154    38.697   -76.149    38.692   -76.146
    38.692   -76.142    38.692   -76.137    38.696   -76.132    38.697   -76.127
    38.694   -76.125    38.693   -76.120    38.697   -76.117    38.700   -76.118
    38.701   -76.121    38.703   -76.127    38.706   -76.130    38.709   -76.125
    38.707   -76.118    38.705   -76.114    38.709   -76.111    38.704   -76.106
    38.704   -76.101    38.711   -76.099    38.717   -76.100    38.715   -76.106
    38.716   -76.111    38.717   -76.116    38.717   -76.126    38.715   -76.134
    38.719   -76.133    38.725   -76.131    38.729   -76.124    38.730   -76.116
    38.735   -76.109    38.733   -76.104    38.730   -76.106    38.724   -76.105
    38.727   -76.100    38.729   -76.093    38.731   -76.081    38.734   -76.081
    38.737   -76.085    38.738   -76.090    38.738   -76.096    38.739   -76.099
    38.743   -76.096    38.744   -76.099    38.743   -76.104    38.745   -76.111
    38.748   -76.111    38.750   -76.109    38.756   -76.104    38.761   -76.099
    38.763   -76.091    38.767   -76.090    38.767   -76.097    38.765   -76.103
    38.762   -76.109    38.761   -76.114    38.764   -76.120    38.763   -76.127
    38.761   -76.129    38.756   -76.127    38.751   -76.123    38.746   -76.122
    38.743   -76.124    38.741   -76.130    38.743   -76.133    38.743   -76.138
    38.740   -76.140    38.733   -76.136    38.731   -76.137    38.730   -76.141
    38.729   -76.146    38.726   -76.149    38.721   -76.151    38.719   -76.148
    38.716   -76.146    38.711   -76.150    38.707   -76.154    38.708   -76.163
    38.711   -76.167    38.718   -76.165    38.728   -76.159    38.733   -76.157
    38.737   -76.160    38.735   -76.163    38.733   -76.165    38.728   -76.168
    38.717   -76.172    38.714   -76.177    38.715   -76.183    38.715   -76.187
    38.714   -76.188    38.711   -76.188    38.707   -76.184    38.701   -76.183
    38.696   -76.186    38.690   -76.191    38.688   -76.198    38.687   -76.202
    38.682   -76.203    38.676   -76.202    38.673   -76.199    38.671   -76.198
    38.670   -76.202    38.672   -76.207    38.675   -76.210    38.683   -76.211
    38.690   -76.213    38.690   -76.217    38.696   -76.217    38.697   -76.212
    38.701   -76.208    38.702   -76.206    38.698   -76.202    38.701   -76.198
    38.708   -76.200    38.713   -76.204    38.713   -76.207    38.711   -76.214
    38.712   -76.222    38.710   -76.224    38.706   -76.225    38.699   -76.224
    38.695   -76.227    38.698   -76.230    38.702   -76.232    38.711   -76.234
    38.721   -76.239    38.725   -76.237    38.724   -76.234    38.724   -76.231
    38.726   -76.230    38.730   -76.235    38.734   -76.238    38.738   -76.235
    38.738   -76.227    38.734   -76.219    38.730   -76.218    38.724   -76.219
    38.719   -76.216    38.727   -76.211    38.734   -76.207    38.733   -76.203
    38.728   -76.201    38.726   -76.195    38.733   -76.193    38.741   -76.190
    38.746   -76.187    38.747   -76.191    38.751   -76.198    38.751   -76.205
    38.748   -76.209    38.748   -76.216    38.753   -76.224    38.760   -76.222
    38.767   -76.219    38.770   -76.222    38.772   -76.226    38.774   -76.229
    38.779   -76.229    38.782   -76.231    38.779   -76.234    38.776   -76.236
    38.772   -76.235    38.765   -76.236    38.766   -76.242    38.770   -76.248
    38.776   -76.251    38.788   -76.250    38.797   -76.243    38.802   -76.240
    38.804   -76.245    38.801   -76.251    38.798   -76.254    38.792   -76.258
    38.787   -76.260    38.778   -76.260    38.772   -76.259    38.766   -76.255
    38.761   -76.249    38.756   -76.246    38.755   -76.248    38.754   -76.253
    38.753   -76.256    38.749   -76.260    38.747   -76.265    38.747   -76.268
    38.750   -76.271    38.753   -76.274    38.752   -76.276    38.751   -76.280
    38.755   -76.281    38.757   -76.286    38.756   -76.289    38.751   -76.290
    38.747   -76.288    38.742   -76.283    38.741   -76.285    38.736   -76.283
    38.738   -76.279    38.737   -76.274    38.736   -76.269    38.739   -76.265
    38.742   -76.260    38.742   -76.255    38.740   -76.255    38.736   -76.258
    38.734   -76.262    38.732   -76.266    38.730   -76.268    38.727   -76.271
    38.720   -76.272    38.714   -76.269    38.711   -76.269    38.710   -76.273
    38.713   -76.276    38.717   -76.279    38.721   -76.281    38.723   -76.289
    38.722   -76.290    38.717   -76.291    38.714   -76.296    38.717   -76.298
    38.725   -76.298    38.733   -76.295    38.743   -76.299    38.746   -76.303
    38.754   -76.302    38.758   -76.297    38.762   -76.290    38.768   -76.280
    38.778   -76.270    38.790   -76.267    38.802   -76.262    38.808   -76.262
    38.809   -76.266    38.807   -76.270    38.804   -76.278    38.806   -76.282
    38.809   -76.286    38.809   -76.289    38.805   -76.290    38.803   -76.288
    38.799   -76.283    38.797   -76.278    38.792   -76.276    38.787   -76.276
    38.782   -76.278    38.782   -76.282    38.784   -76.289    38.783   -76.290
    38.786   -76.293    38.789   -76.294    38.792   -76.297    38.791   -76.300
    38.786   -76.300    38.780   -76.298    38.772   -76.297    38.770   -76.302
    38.773   -76.305    38.775   -76.310    38.774   -76.313    38.772   -76.314
    38.770   -76.318    38.768   -76.320    38.764   -76.320    38.759   -76.317
    38.751   -76.313    38.747   -76.313    38.744   -76.318    38.741   -76.322
    38.739   -76.324    38.734   -76.322    38.736   -76.318    38.737   -76.314
    38.733   -76.313    38.727   -76.317    38.725   -76.320    38.721   -76.329
    38.715   -76.329    38.709   -76.328    38.701   -76.325    38.692   -76.323
    38.685   -76.321    38.682   -76.323    38.682   -76.328    38.683   -76.330
    38.688   -76.332    38.693   -76.334    38.688   -76.337    38.684   -76.337
    38.678   -76.339    38.672   -76.339    38.669   -76.342    38.670   -76.347
    38.679   -76.349    38.685   -76.349    38.694   -76.346    38.707   -76.341
    38.708   -76.344    38.716   -76.342    38.720   -76.338    38.723   -76.337
    38.727   -76.339    38.732   -76.339    38.733   -76.344    38.738   -76.342
    38.743   -76.342    38.746   -76.344    38.754   -76.344    38.759   -76.339
    38.761   -76.333    38.767   -76.330    38.772   -76.331    38.774   -76.334
    38.776   -76.335    38.779   -76.333    38.779   -76.325    38.785   -76.319
    38.793   -76.315    38.802   -76.314    38.825   -76.305    38.829   -76.300
    38.830   -76.287    38.832   -76.280    38.839   -76.278    38.843   -76.279
    38.846   -76.276    38.860   -76.260    38.865   -76.250    38.863   -76.249
    38.854   -76.251    38.850   -76.258    38.844   -76.265    38.840   -76.262
    38.836   -76.262    38.830   -76.262    38.830   -76.257    38.834   -76.252
    38.833   -76.249    38.831   -76.247    38.827   -76.244    38.823   -76.241
    38.820   -76.238    38.822   -76.234    38.825   -76.231    38.821   -76.228
    38.816   -76.223    38.813   -76.217    38.810   -76.213    38.806   -76.213
    38.805   -76.218    38.802   -76.220    38.799   -76.214    38.795   -76.211
    38.792   -76.215    38.790   -76.215    38.785   -76.212    38.779   -76.209
    38.774   -76.201    38.770   -76.193    38.764   -76.177    38.760   -76.168
    38.760   -76.161    38.764   -76.157    38.768   -76.156    38.772   -76.154
    38.776   -76.150    38.779   -76.143    38.781   -76.140    38.783   -76.136
    38.786   -76.131    38.786   -76.126    38.784   -76.122    38.787   -76.119
    38.790   -76.118    38.792   -76.114    38.792   -76.105    38.796   -76.105
    38.798   -76.106    38.799   -76.109    38.800   -76.115    38.805   -76.115
    38.809   -76.110    38.815   -76.103    38.818   -76.104    38.819   -76.108
    38.819   -76.112    38.816   -76.115    38.810   -76.119    38.808   -76.123
    38.812   -76.125    38.812   -76.128    38.811   -76.131    38.807   -76.132
    38.803   -76.132    38.799   -76.130    38.797   -76.130    38.797   -76.136
    38.797   -76.140    38.797   -76.141    38.796   -76.149    38.791   -76.152
    38.785   -76.155    38.780   -76.158    38.778   -76.163    38.779   -76.166
    38.783   -76.166    38.788   -76.163    38.795   -76.160    38.798   -76.161
    38.798   -76.167    38.797   -76.169    38.794   -76.172    38.786   -76.174
    38.780   -76.174    38.778   -76.177    38.780   -76.179    38.784   -76.181
    38.786   -76.184    38.789   -76.187    38.792   -76.186    38.795   -76.186
    38.797   -76.188    38.797   -76.192    38.801   -76.191    38.803   -76.190
    38.806   -76.184    38.808   -76.178    38.812   -76.172    38.816   -76.173
    38.817   -76.179    38.816   -76.182    38.813   -76.187    38.810   -76.196
    38.814   -76.199    38.816   -76.197    38.817   -76.194    38.818   -76.192
    38.819   -76.192    38.823   -76.193    38.828   -76.192    38.832   -76.189
    38.835   -76.185    38.838   -76.178    38.842   -76.177    38.844   -76.180
    38.842   -76.187    38.840   -76.196    38.843   -76.196    38.845   -76.195
    38.853   -76.192    38.854   -76.188    38.852   -76.184    38.854   -76.176
    38.855   -76.174    38.858   -76.169    38.859   -76.164    38.856   -76.160
    38.853   -76.157    38.853   -76.155    38.859   -76.154    38.862   -76.152
    38.860   -76.149    38.858   -76.145    38.860   -76.142    38.865   -76.142
    38.868   -76.145    38.868   -76.151    38.869   -76.157    38.872   -76.159
    38.875   -76.156    38.877   -76.149    38.878   -76.143    38.880   -76.138
    38.881   -76.129    38.881   -76.124    38.878   -76.123    38.872   -76.121
    38.868   -76.116    38.867   -76.111    38.869   -76.107    38.873   -76.106
    38.879   -76.112    38.882   -76.114    38.886   -76.114    38.887   -76.111
    38.884   -76.104    38.883   -76.099    38.884   -76.094    38.888   -76.088
    38.888   -76.084    38.890   -76.076    38.893   -76.075    38.898   -76.075
    38.901   -76.079    38.900   -76.080    38.895   -76.083    38.894   -76.087
    38.895   -76.093    38.896   -76.101    38.898   -76.103    38.908   -76.106
    38.917   -76.106    38.926   -76.106    38.937   -76.102    38.943   -76.096
    38.945   -76.096    38.949   -76.095    38.949   -76.099    38.947   -76.106
    38.940   -76.110    38.936   -76.113    38.931   -76.114    38.923   -76.115
    38.914   -76.115    38.905   -76.113    38.901   -76.115    38.903   -76.118
    38.906   -76.121    38.910   -76.128    38.914   -76.135    38.914   -76.137
    38.915   -76.144    38.911   -76.151    38.912   -76.155    38.917   -76.153
    38.920   -76.150    38.926   -76.150    38.929   -76.153    38.931   -76.154
    38.932   -76.151    38.938   -76.146    38.947   -76.146    38.953   -76.146
    38.957   -76.146    38.961   -76.151    38.964   -76.155    38.969   -76.155
    38.974   -76.158    38.972   -76.164    38.968   -76.167    38.964   -76.167
    38.960   -76.165    38.957   -76.160    38.953   -76.159    38.946   -76.162
    38.941   -76.168    38.938   -76.172    38.934   -76.170    38.932   -76.166
    38.930   -76.165    38.927   -76.166    38.921   -76.169    38.915   -76.170
    38.910   -76.171    38.903   -76.173    38.899   -76.175    38.894   -76.177
    38.892   -76.181    38.891   -76.185    38.890   -76.189    38.885   -76.195
    38.883   -76.196    38.879   -76.197    38.872   -76.196    38.863   -76.198
    38.857   -76.202    38.858   -76.205    38.859   -76.206    38.865   -76.205
    38.873   -76.202    38.877   -76.199    38.885   -76.200    38.892   -76.197
    38.896   -76.195    38.897   -76.189    38.897   -76.183    38.899   -76.182
    38.906   -76.183    38.912   -76.183    38.922   -76.181    38.929   -76.182
    38.929   -76.185    38.926   -76.187    38.920   -76.188    38.912   -76.190
    38.906   -76.192    38.905   -76.195    38.906   -76.199    38.907   -76.201
    38.905   -76.202    38.902   -76.202    38.899   -76.202    38.896   -76.205
    38.897   -76.206    38.901   -76.206    38.906   -76.206    38.913   -76.204
    38.918   -76.203    38.926   -76.202    38.934   -76.202    38.936   -76.206
    38.934   -76.212    38.937   -76.213    38.939   -76.209    38.941   -76.204
    38.946   -76.204    38.948   -76.207    38.948   -76.216    38.947   -76.219
    38.944   -76.221    38.942   -76.223    38.945   -76.225    38.949   -76.228
    38.953   -76.231    38.954   -76.232    38.956   -76.234    38.958   -76.232
    38.958   -76.229    38.957   -76.224    38.957   -76.221    38.961   -76.223
    38.963   -76.225    38.964   -76.229    38.963   -76.235    38.965   -76.238
    38.970   -76.239    38.974   -76.239    38.979   -76.239    38.978   -76.235
    38.977   -76.232    38.977   -76.229    38.979   -76.224    38.978   -76.222
    38.976   -76.220    38.974   -76.217    38.976   -76.211    38.977   -76.207
    38.974   -76.204    38.972   -76.203    38.969   -76.202    38.971   -76.199
    38.975   -76.198    38.979   -76.195    38.984   -76.187    38.989   -76.185
    38.999   -76.173    39.000   -76.167    38.998   -76.165    38.993   -76.162
    38.995   -76.156    38.999   -76.151    39.007   -76.143    39.016   -76.141
    39.019   -76.148    39.018   -76.149    39.008   -76.154    39.005   -76.160
    39.009   -76.162    39.014   -76.161    39.020   -76.160    39.025   -76.161
    39.030   -76.158    39.034   -76.151    39.039   -76.151    39.040   -76.155
    39.038   -76.159    39.035   -76.167    39.034   -76.170    39.041   -76.169
    39.049   -76.172    39.053   -76.179    39.055   -76.180    39.055   -76.173
    39.056   -76.172    39.059   -76.172    39.064   -76.169    39.064   -76.165
    39.063   -76.164    39.061   -76.165    39.059   -76.166    39.055   -76.166
    39.052   -76.165    39.052   -76.159    39.049   -76.151    39.046   -76.146
    39.044   -76.141    39.043   -76.135    39.043   -76.134    39.045   -76.135
    39.049   -76.139    39.050   -76.143    39.056   -76.149    39.059   -76.154
    39.063   -76.155    39.063   -76.150    39.061   -76.144    39.062   -76.137
    39.064   -76.136    39.065   -76.139    39.068   -76.145    39.069   -76.151
    39.072   -76.152    39.075   -76.152    39.078   -76.147    39.077   -76.144
    39.079   -76.141    39.081   -76.143    39.084   -76.146    39.086   -76.141
    39.083   -76.137    39.081   -76.134    39.079   -76.132    39.082   -76.125
    39.080   -76.121    39.077   -76.119    39.075   -76.118    39.074   -76.113
    39.076   -76.111    39.081   -76.109    39.083   -76.103    39.081   -76.095
    39.077   -76.091    39.070   -76.085    39.067   -76.081    39.069   -76.077
    39.075   -76.078    39.079   -76.080    39.084   -76.086    39.088   -76.093
    39.089   -76.094    39.093   -76.093    39.097   -76.100    39.095   -76.104
    39.092   -76.109    39.090   -76.115    39.090   -76.123    39.092   -76.131
    39.095   -76.134    39.096   -76.135    39.099   -76.135    39.100   -76.134
    39.101   -76.130    39.101   -76.120    39.100   -76.116    39.102   -76.113
    39.105   -76.113    39.113   -76.108    39.120   -76.097    39.124   -76.094
    39.127   -76.089    39.130   -76.085    39.135   -76.077    39.136   -76.073
    39.140   -76.067    39.143   -76.066    39.147   -76.067    39.149   -76.068
    39.152   -76.070    39.155   -76.065    39.157   -76.059    39.158   -76.052
    39.158   -76.047    39.160   -76.043    39.160   -76.040    39.156   -76.041
    39.151   -76.043    39.148   -76.045    39.146   -76.044    39.148   -76.039
    39.153   -76.034    39.156   -76.030    39.159   -76.024    39.160   -76.017
    39.161   -76.012    39.161   -76.008    39.164   -76.005    39.167   -76.005
    39.169   -76.008    39.169   -76.013    39.166   -76.021    39.166   -76.024
    39.165   -76.027    39.166   -76.032    39.168   -76.035    39.171   -76.035
    39.176   -76.032    39.183   -76.033    39.188   -76.034    39.191   -76.038
    39.195   -76.045    39.197   -76.051    39.199   -76.055    39.202   -76.057
    39.205   -76.053    39.207   -76.047    39.211   -76.041    39.213   -76.036
    39.220   -76.028    39.225   -76.027    39.227   -76.024    39.228   -76.019
    39.229   -76.015    39.233   -76.012    39.236   -76.008    39.239   -76.003
    39.241   -75.998    39.241   -75.989    39.242   -75.985    39.243   -75.981
    39.245   -75.979    39.245   -75.971    39.243   -75.966    39.241   -75.962
    39.241   -75.957    39.240   -75.952    39.242   -75.948    39.241   -75.944
    39.239   -75.939    39.240   -75.935    39.241   -75.934    39.242   -75.934
    39.247   -75.930    39.247   -75.934    39.248   -75.938    39.247   -75.943
    39.247   -75.951    39.248   -75.959    39.249   -75.964    39.251   -75.967
    39.253   -75.973    39.251   -75.984    39.249   -75.985    39.247   -75.987
    39.247   -75.992    39.247   -75.998    39.246   -76.004    39.244   -76.008
    39.240   -76.014    39.239   -76.017    39.235   -76.024    39.235   -76.028
    39.235   -76.030    39.234   -76.032    39.232   -76.033    39.230   -76.035
    39.227   -76.037    39.221   -76.042    39.218   -76.047    39.216   -76.051
    39.214   -76.055    39.210   -76.060    39.207   -76.065    39.205   -76.067
    39.200   -76.069    39.197   -76.070    39.194   -76.068    39.192   -76.065
    39.189   -76.060    39.186   -76.056    39.182   -76.049    39.179   -76.046
    39.176   -76.045    39.171   -76.047    39.168   -76.048    39.165   -76.053
    39.162   -76.060    39.160   -76.069    39.159   -76.074    39.159   -76.081
    39.158   -76.085    39.155   -76.087    39.152   -76.087    39.151   -76.087
    39.149   -76.084    39.146   -76.082    39.144   -76.082    39.142   -76.083
    39.140   -76.086    39.138   -76.092    39.139   -76.096    39.139   -76.100
    39.137   -76.104    39.139   -76.109    39.133   -76.109    39.128   -76.110
    39.123   -76.110    39.117   -76.117    39.118   -76.121    39.122   -76.123
    39.127   -76.124    39.128   -76.128    39.126   -76.132    39.124   -76.134
    39.122   -76.135    39.113   -76.141    39.111   -76.150    39.110   -76.156
    39.106   -76.159    39.101   -76.162    39.101   -76.167    39.104   -76.167
    39.108   -76.165    39.114   -76.164    39.120   -76.163    39.123   -76.161
    39.126   -76.154    39.128   -76.147    39.136   -76.140    39.143   -76.140
    39.149   -76.136    39.151   -76.142    39.153   -76.143    39.161   -76.141
    39.163   -76.136    39.162   -76.133    39.162   -76.132    39.161   -76.126
    39.167   -76.121    39.175   -76.118    39.178   -76.119    39.175   -76.125
    39.172   -76.128    39.172   -76.133    39.172   -76.133    39.171   -76.142
    39.166   -76.147    39.163   -76.151    39.158   -76.151    39.151   -76.153
    39.145   -76.148    39.138   -76.152    39.136   -76.158    39.135   -76.167
    39.137   -76.170    39.145   -76.172    39.149   -76.175    39.155   -76.176
    39.161   -76.174    39.172   -76.171    39.183   -76.167    39.181   -76.172
    39.175   -76.177    39.172   -76.180    39.169   -76.189    39.170   -76.193
    39.162   -76.194    39.162   -76.188    39.151   -76.188    39.147   -76.190
    39.147   -76.187    39.147   -76.182    39.142   -76.181    39.138   -76.180
    39.135   -76.175    39.132   -76.174    39.129   -76.176    39.126   -76.181
    39.128   -76.184    39.128   -76.187    39.126   -76.189    39.123   -76.186
    39.120   -76.181    39.120   -76.174    39.116   -76.174    39.113   -76.178
    39.110   -76.181    39.104   -76.183    39.098   -76.186    39.095   -76.191
    39.097   -76.194    39.100   -76.196    39.104   -76.203    39.106   -76.207
    39.111   -76.206    39.114   -76.204    39.116   -76.204    39.117   -76.208
    39.115   -76.210    39.115   -76.213    39.118   -76.215    39.121   -76.218
    39.122   -76.221    39.119   -76.223    39.114   -76.223    39.111   -76.219
    39.109   -76.216    39.106   -76.217    39.102   -76.218    39.099   -76.216
    39.097   -76.211    39.096   -76.203    39.094   -76.201    39.086   -76.201
    39.081   -76.203    39.078   -76.206    39.075   -76.207    39.070   -76.205
    39.064   -76.204    39.061   -76.205    39.061   -76.210    39.065   -76.211
    39.070   -76.212    39.077   -76.214    39.083   -76.215    39.086   -76.217
    39.087   -76.220    39.081   -76.221    39.074   -76.219    39.063   -76.219
    39.059   -76.219    39.054   -76.220    39.050   -76.218    39.050   -76.213
    39.052   -76.208    39.047   -76.204    39.041   -76.206    39.036   -76.209
    39.034   -76.209    39.032   -76.206    39.026   -76.202    39.023   -76.198
    39.015   -76.191    39.014   -76.195    39.017   -76.202    39.022   -76.205
    39.022   -76.212    39.019   -76.213    39.015   -76.216    39.017   -76.220
    39.019   -76.224    39.026   -76.231    39.031   -76.238    39.035   -76.241
    39.041   -76.241    39.046   -76.236    39.046   -76.232    39.050   -76.228
    39.053   -76.229    39.059   -76.231    39.062   -76.231    39.101   -76.236
    39.110   -76.242    39.115   -76.248    39.119   -76.244    39.125   -76.241
    39.130   -76.243    39.134   -76.247    39.141   -76.254    39.146   -76.261
    39.149   -76.261    39.152   -76.259    39.158   -76.258    39.159   -76.262
    39.155   -76.266    39.148   -76.268    39.145   -76.270    39.146   -76.273
    39.149   -76.276    39.155   -76.275    39.162   -76.273    39.178   -76.264
    39.188   -76.258    39.199   -76.250    39.210   -76.241    39.226   -76.236
    39.243   -76.223    39.249   -76.217    39.255   -76.216    39.261   -76.214
    39.266   -76.212    39.271   -76.209    39.270   -76.206    39.268   -76.205
    39.265   -76.206    39.260   -76.208    39.256   -76.209    39.253   -76.207
    39.252   -76.204    39.251   -76.201    39.250   -76.197    39.246   -76.195
    39.242   -76.193    39.238   -76.188    39.240   -76.184    39.244   -76.184
    39.248   -76.182    39.249   -76.179    39.252   -76.176    39.253   -76.179
    39.252   -76.180    39.251   -76.185    39.250   -76.189    39.253   -76.190
    39.256   -76.191    39.258   -76.195    39.258   -76.198    39.261   -76.198
    39.267   -76.196    39.271   -76.194    39.274   -76.197    39.276   -76.198
    39.279   -76.200    39.283   -76.199    39.283   -76.195    39.282   -76.192
    39.281   -76.188    39.284   -76.186    39.287   -76.186    39.293   -76.186
    39.296   -76.182    39.296   -76.176    39.293   -76.173    39.290   -76.170
    39.286   -76.169    39.281   -76.170    39.272   -76.169    39.270   -76.166
    39.275   -76.159    39.277   -76.155    39.280   -76.157    39.283   -76.160
    39.289   -76.161    39.292   -76.159    39.295   -76.155    39.299   -76.156
    39.301   -76.159    39.300   -76.162    39.296   -76.166    39.298   -76.170
    39.301   -76.173    39.304   -76.174    39.307   -76.174    39.306   -76.177
    39.307   -76.181    39.310   -76.182    39.317   -76.180    39.322   -76.180
    39.323   -76.176    39.331   -76.169    39.334   -76.166    39.334   -76.159
    39.335   -76.149    39.333   -76.143    39.326   -76.145    39.320   -76.146
    39.321   -76.140    39.322   -76.135    39.322   -76.130    39.322   -76.129
    39.325   -76.130    39.328   -76.130    39.331   -76.131    39.331   -76.130
    39.332   -76.128    39.330   -76.124    39.325   -76.123    39.323   -76.120
    39.327   -76.107    39.324   -76.100    39.321   -76.089    39.320   -76.080
    39.323   -76.080    39.325   -76.088    39.329   -76.092    39.333   -76.110
    39.334   -76.117    39.335   -76.120    39.338   -76.116    39.340   -76.118
    39.341   -76.122    39.340   -76.128    39.341   -76.129    39.341   -76.131
    39.346   -76.132    39.351   -76.135    39.353   -76.129    39.355   -76.124
    39.361   -76.118    39.365   -76.117    39.371   -76.115    39.376   -76.113
    39.376   -76.107    39.375   -76.098    39.370   -76.089    39.368   -76.078
    39.368   -76.065    39.366   -76.051    39.365   -76.032    39.367   -76.025
    39.365   -76.024    39.362   -76.026    39.360   -76.031    39.352   -76.035
    39.349   -76.033    39.351   -76.029    39.354   -76.023    39.355   -76.017
    39.357   -76.015    39.360   -76.014    39.364   -76.012    39.368   -76.009
    39.371   -76.005    39.370   -75.997    39.370   -75.992    39.367   -75.989
    39.364   -75.989    39.361   -75.989    39.357   -75.989    39.356   -75.987
    39.356   -75.983    39.356   -75.979    39.352   -75.977    39.351   -75.974
    39.355   -75.973    39.358   -75.975    39.361   -75.979    39.366   -75.983
    39.368   -75.981    39.370   -75.976    39.373   -75.968    39.372   -75.962
    39.370   -75.957    39.368   -75.953    39.366   -75.949    39.358   -75.949
    39.355   -75.948    39.358   -75.945    39.369   -75.943    39.367   -75.936
    39.368   -75.933    39.367   -75.928    39.365   -75.927    39.361   -75.926
    39.357   -75.927    39.355   -75.928    39.353   -75.924    39.350   -75.919
    39.347   -75.915    39.350   -75.913    39.353   -75.914    39.359   -75.917
    39.363   -75.919    39.368   -75.919    39.369   -75.916    39.367   -75.911
    39.365   -75.903    39.367   -75.895    39.365   -75.894    39.361   -75.895
    39.360   -75.891    39.363   -75.887    39.367   -75.886    39.367   -75.883
    39.367   -75.875    39.368   -75.868    39.365   -75.862    39.362   -75.858
    39.361   -75.851    39.368   -75.854    39.372   -75.857    39.375   -75.854
    39.375   -75.847    39.375   -75.839    39.377   -75.837    39.380   -75.839
    39.380   -75.857    39.380   -75.870    39.378   -75.878    39.377   -75.887
    39.378   -75.896    39.378   -75.912    39.379   -75.921    39.380   -75.929
    39.379   -75.934    39.377   -75.939    39.380   -75.941    39.383   -75.938
    39.384   -75.933    39.385   -75.929    39.387   -75.924    39.392   -75.920
    39.396   -75.918    39.398   -75.921    39.397   -75.925    39.392   -75.930
    39.388   -75.934    39.388   -75.939    39.389   -75.945    39.389   -75.948
    39.386   -75.950    39.385   -75.954    39.387   -75.958    39.388   -75.964
    39.387   -75.967    39.385   -75.967    39.383   -75.964    39.381   -75.966
    39.381   -75.969    39.379   -75.972    39.379   -75.978    39.380   -75.982
    39.380   -75.988    39.386   -75.989    39.389   -75.991    39.390   -75.995
    39.391   -76.003    39.390   -76.011    39.389   -76.018    39.389   -76.027
    39.391   -76.033    39.396   -76.039    39.400   -76.040    39.403   -76.038
    39.406   -76.029    39.409   -76.025    39.412   -76.020    39.416   -76.012
    39.417   -76.008    39.415   -76.007    39.412   -76.005    39.410   -76.004
    39.409   -76.000    39.409   -75.997    39.410   -75.993    39.414   -75.992
    39.417   -75.993    39.418   -75.996    39.418   -75.999    39.418   -76.004
    39.421   -76.005    39.427   -76.003    39.432   -76.001    39.436   -75.999
    39.438   -75.996    39.438   -75.991    39.442   -75.987    39.445   -75.987
    39.448   -75.985    39.452   -75.982    39.455   -75.978    39.458   -75.976
    39.464   -75.972    39.467   -75.971    39.467   -75.967    39.466   -75.965
    39.464   -75.965    39.461   -75.964    39.460   -75.961    39.460   -75.959
    39.458   -75.956    39.455   -75.953    39.455   -75.949    39.457   -75.949
    39.461   -75.949    39.464   -75.950    39.465   -75.954    39.467   -75.958
    39.469   -75.958    39.470   -75.957    39.475   -75.952    39.478   -75.947
    39.478   -75.944    39.477   -75.942    39.475   -75.934    39.476   -75.929
    39.475   -75.928    39.473   -75.928    39.470   -75.928    39.470   -75.926
    39.471   -75.924    39.474   -75.920    39.476   -75.916    39.479   -75.910
    39.479   -75.906    39.475   -75.901    39.474   -75.892    39.472   -75.885
    39.469   -75.883    39.467   -75.882    39.464   -75.875    39.463   -75.874
    39.460   -75.873    39.457   -75.872    39.456   -75.867    39.456   -75.862
    39.456   -75.857    39.452   -75.856    39.450   -75.855    39.450   -75.850
    39.450   -75.844    39.449   -75.840    39.449   -75.836    39.451   -75.832
    39.453   -75.832    39.454   -75.834    39.454   -75.842    39.457   -75.849
    39.460   -75.853    39.464   -75.858    39.465   -75.858    39.467   -75.854
    39.469   -75.855    39.469   -75.861    39.468   -75.865    39.473   -75.869
    39.477   -75.869    39.481   -75.871    39.482   -75.877    39.480   -75.882
    39.480   -75.887    39.483   -75.890    39.487   -75.894    39.490   -75.897
    39.492   -75.902    39.491   -75.905    39.489   -75.909    39.488   -75.913
    39.490   -75.916    39.489   -75.921    39.488   -75.925    39.490   -75.929
    39.491   -75.928    39.494   -75.927    39.499   -75.924    39.503   -75.923
    39.504   -75.919    39.505   -75.913    39.507   -75.907    39.508   -75.901
    39.509   -75.894    39.513   -75.891    39.517   -75.888    39.518   -75.885
    39.516   -75.883    39.515   -75.883    39.517   -75.879    39.517   -75.876
    39.516   -75.871    39.515   -75.867    39.517   -75.863    39.519   -75.864
    39.520   -75.868    39.522   -75.873    39.525   -75.878    39.527   -75.876
    39.530   -75.871    39.533   -75.869    39.533   -75.875    39.534   -75.879
    39.537   -75.879    39.540   -75.875    39.542   -75.872    39.544   -75.865
    39.544   -75.860    39.547   -75.855    39.550   -75.852    39.554   -75.851
    39.557   -75.854    39.560   -75.854    39.560   -75.851    39.559   -75.848
    39.560   -75.845    39.563   -75.845    39.567   -75.848    39.571   -75.847
    39.571   -75.842    39.568   -75.836    39.568   -75.831    39.572   -75.831
    39.575   -75.834    39.578   -75.837    39.581   -75.838    39.584   -75.842
    39.588   -75.841    39.591   -75.839    39.593   -75.842    39.591   -75.844
    39.588   -75.845    39.587   -75.849    39.587   -75.853    39.582   -75.854
    39.581   -75.856    39.577   -75.859    39.574   -75.864    39.572   -75.864
    39.568   -75.861    39.566   -75.861    39.564   -75.866    39.557   -75.876
    39.551   -75.881    39.543   -75.886    39.535   -75.891    39.529   -75.894
    39.524   -75.898    39.519   -75.902    39.518   -75.908    39.519   -75.909
    39.523   -75.911    39.523   -75.914    39.519   -75.928    39.521   -75.939
    39.520   -75.943    39.517   -75.943    39.515   -75.941    39.514   -75.938
    39.514   -75.932    39.510   -75.933    39.508   -75.935    39.505   -75.940
    39.502   -75.944    39.497   -75.951    39.493   -75.955    39.490   -75.963
    39.486   -75.968    39.483   -75.969    39.480   -75.971    39.479   -75.975
    39.479   -75.981    39.476   -75.984    39.470   -75.988    39.464   -75.994
    39.460   -75.998    39.457   -76.005    39.457   -76.008    39.459   -76.012
    39.465   -76.011    39.467   -76.009    39.470   -76.006    39.473   -76.002
    39.475   -75.999    39.480   -75.999    39.485   -76.000    39.488   -76.000
    39.493   -76.002    39.495   -76.000    39.499   -75.997    39.502   -75.992
    39.507   -75.988    39.510   -75.986    39.516   -75.982    39.526   -75.981
    39.530   -75.980    39.530   -75.976    39.530   -75.973    39.532   -75.968
    39.535   -75.966    39.541   -75.967    39.543   -75.968    39.543   -75.972
    39.548   -75.973    39.554   -75.968    39.557   -75.971    39.559   -75.973
    39.563   -75.974    39.565   -75.972    39.565   -75.970    39.563   -75.968
    39.562   -75.967    39.562   -75.965    39.563   -75.964    39.567   -75.962
    39.571   -75.962    39.574   -75.960    39.580   -75.955    39.584   -75.952
    39.588   -75.951    39.592   -75.954    39.595   -75.956    39.595   -75.959
    39.593   -75.966    39.590   -75.970    39.586   -75.971    39.581   -75.972
    39.576   -75.972    39.572   -75.975    39.573   -75.981    39.572   -75.986
    39.569   -75.991    39.567   -75.998    39.566   -76.000    39.562   -76.002
    39.559   -76.002    39.557   -76.004    39.555   -76.006    39.554   -76.005
    39.548   -76.003    39.543   -76.001    39.541   -76.003    39.543   -76.006
    39.546   -76.010    39.549   -76.015    39.551   -76.019    39.551   -76.022
    39.550   -76.025    39.550   -76.028    39.552   -76.028    39.556   -76.028
    39.559   -76.030    39.561   -76.032    39.564   -76.031    39.567   -76.030
    39.570   -76.031    39.570   -76.035    39.567   -76.037    39.564   -76.040
    39.563   -76.044    39.565   -76.049    39.565   -76.054    39.564   -76.056
    39.562   -76.057    39.560   -76.056    39.560   -76.054    39.559   -76.050
    39.557   -76.045    39.555   -76.044    39.552   -76.044    39.550   -76.045
    39.550   -76.051    39.550   -76.056    39.550   -76.065    39.554   -76.077
    39.558   -76.081    39.565   -76.082    39.570   -76.082    39.574   -76.085
    39.577   -76.087    39.579   -76.091    39.582   -76.094    39.586   -76.101
    39.589   -76.105    39.593   -76.107    39.599   -76.112    39.603   -76.119
    39.607   -76.123    39.609   -76.124    39.610   -76.126    39.611   -76.128
    39.613   -76.131    39.617   -76.134    39.622   -76.140    39.625   -76.142
    39.631   -76.144    39.636   -76.147    39.649   -76.152    39.650   -76.153
    39.653   -76.153    39.658   -76.160    39.662   -76.171    39.668   -76.181
    39.673   -76.186    39.678   -76.191    39.681   -76.195    39.684   -76.198
    39.686   -76.201    39.689   -76.204    39.696   -76.207    39.702   -76.210
    39.707   -76.212    39.710   -76.217    39.715   -76.222    39.722   -76.224
    39.723   -76.225    39.732   -76.227    39.742   -76.230    39.749   -76.233
    39.757   -76.237    39.763   -76.243    39.768   -76.246    39.773   -76.249
    39.777   -76.254    39.780   -76.261    39.785   -76.263    39.789   -76.266
    39.793   -76.273    39.795   -76.277    39.802   -76.291    39.805   -76.301
    39.801   -76.307    39.793   -76.301    39.786   -76.296    39.783   -76.292
    39.781   -76.285    39.780   -76.281    39.777   -76.279    39.771   -76.275
    39.761   -76.267    39.745   -76.255    39.736   -76.247    39.731   -76.243
    39.728   -76.241    39.722   -76.241    39.719   -76.241    39.712   -76.240
    39.704   -76.236    39.701   -76.233    39.697   -76.231    39.694   -76.228
    39.691   -76.224    39.689   -76.219    39.685   -76.214    39.683   -76.208
    39.681   -76.204    39.676   -76.201    39.670   -76.199    39.664   -76.197
    39.662   -76.195    39.659   -76.189    39.657   -76.183    39.654   -76.175
    39.651   -76.171    39.647   -76.169    39.641   -76.167    39.636   -76.166
    39.627   -76.162    39.622   -76.160    39.621   -76.159    39.620   -76.157
    39.620   -76.154    39.585   -76.121    39.581   -76.121    39.578   -76.117
    39.576   -76.113    39.573   -76.108    39.570   -76.101    39.567   -76.097
    39.562   -76.094    39.560   -76.094    39.554   -76.090    39.549   -76.087
    39.546   -76.083    39.540   -76.082    39.538   -76.089    39.538   -76.094
    39.534   -76.096    39.522   -76.104    39.510   -76.111    39.503   -76.113
    39.500   -76.117    39.500   -76.121    39.503   -76.124    39.506   -76.126
    39.507   -76.127    39.509   -76.132    39.506   -76.133    39.499   -76.133
    39.494   -76.131    39.492   -76.128    39.491   -76.127    39.489   -76.123
    39.486   -76.120    39.483   -76.118    39.487   -76.115    39.489   -76.115
    39.490   -76.111    39.488   -76.108    39.483   -76.106    39.482   -76.107
    39.479   -76.104    39.478   -76.103    39.476   -76.101    39.472   -76.098
    39.469   -76.098    39.465   -76.101    39.463   -76.102    39.459   -76.102
    39.454   -76.102    39.449   -76.101    39.442   -76.100    39.431   -76.103
    39.428   -76.108    39.428   -76.115    39.426   -76.119    39.422   -76.125
    39.419   -76.128    39.416   -76.132    39.409   -76.148    39.407   -76.160
    39.404   -76.165    39.396   -76.168    39.383   -76.174    39.382   -76.177
    39.384   -76.179    39.388   -76.180    39.393   -76.181    39.395   -76.184
    39.393   -76.189    39.392   -76.194    39.394   -76.200    39.399   -76.204
    39.399   -76.208    39.396   -76.211    39.392   -76.219    39.394   -76.223
    39.399   -76.224    39.405   -76.226    39.410   -76.229    39.408   -76.231
    39.405   -76.232    39.401   -76.232    39.396   -76.230    39.388   -76.230
    39.384   -76.229    39.383   -76.221    39.386   -76.216    39.387   -76.211
    39.384   -76.210    39.383   -76.199    39.386   -76.189    39.384   -76.186
    39.381   -76.187    39.375   -76.191    39.364   -76.199    39.363   -76.203
    39.358   -76.215    39.352   -76.219    39.349   -76.225    39.354   -76.232
    39.360   -76.237    39.362   -76.242    39.363   -76.246    39.364   -76.249
    39.369   -76.252    39.375   -76.254    39.380   -76.252    39.380   -76.248
    39.383   -76.244    39.390   -76.245    39.398   -76.244    39.405   -76.239
    39.411   -76.234    39.419   -76.228    39.425   -76.225    39.431   -76.222
    39.435   -76.225    39.440   -76.232    39.444   -76.235    39.452   -76.234
    39.458   -76.230    39.464   -76.225    39.470   -76.222    39.471   -76.225
    39.469   -76.228    39.466   -76.236    39.464   -76.239    39.455   -76.250
    39.452   -76.258    39.453   -76.263    39.453   -76.270    39.450   -76.275
    39.447   -76.279    39.442   -76.286    39.439   -76.285    39.437   -76.285
    39.436   -76.282    39.435   -76.280    39.435   -76.278    39.436   -76.278
    39.439   -76.275    39.442   -76.273    39.443   -76.270    39.442   -76.267
    39.443   -76.265    39.446   -76.262    39.445   -76.255    39.444   -76.253
    39.440   -76.252    39.438   -76.252    39.435   -76.252    39.430   -76.251
    39.423   -76.252    39.419   -76.254    39.417   -76.255    39.415   -76.258
    39.414   -76.263    39.413   -76.266    39.409   -76.266    39.408   -76.266
    39.403   -76.264    39.399   -76.268    39.400   -76.274    39.400   -76.277
    39.399   -76.278    39.397   -76.278    39.394   -76.276    39.394   -76.274
    39.392   -76.273    39.392   -76.273    39.389   -76.274    39.385   -76.276
    39.380   -76.277    39.376   -76.278    39.374   -76.281    39.372   -76.284
    39.368   -76.284    39.367   -76.282    39.366   -76.279    39.366   -76.277
    39.362   -76.277    39.361   -76.276    39.361   -76.274    39.360   -76.270
    39.358   -76.270    39.354   -76.271    39.352   -76.269    39.351   -76.267
    39.350   -76.264    39.348   -76.263    39.346   -76.261    39.344   -76.261
    39.342   -76.260    39.339   -76.260    39.336   -76.262    39.336   -76.264
    39.336   -76.267    39.334   -76.269    39.331   -76.268    39.330   -76.267
    39.329   -76.266    39.327   -76.266    39.326   -76.267    39.324   -76.271
    39.322   -76.274    39.318   -76.278    39.311   -76.281    39.303   -76.287
    39.305   -76.292    39.308   -76.296    39.309   -76.298    39.312   -76.297
    39.316   -76.294    39.321   -76.292    39.325   -76.292    39.331   -76.294
    39.341   -76.300    39.345   -76.302    39.349   -76.301    39.353   -76.298
    39.355   -76.299    39.356   -76.306    39.356   -76.310    39.356   -76.314
    39.357   -76.318    39.360   -76.322    39.362   -76.319    39.361   -76.312
    39.362   -76.307    39.364   -76.304    39.368   -76.304    39.372   -76.303
    39.376   -76.304    39.379   -76.304    39.384   -76.305    39.387   -76.308
    39.390   -76.311    39.392   -76.316    39.394   -76.323    39.395   -76.328
    39.392   -76.332    39.393   -76.336    39.393   -76.337    39.396   -76.341
    39.399   -76.345    39.399   -76.349    39.399   -76.356    39.400   -76.361
    39.396   -76.364    39.392   -76.364    39.388   -76.369    39.386   -76.375
    39.385   -76.390    39.389   -76.401    39.389   -76.408    39.383   -76.410
    39.382   -76.401    39.380   -76.395    39.379   -76.389    39.380   -76.385
    39.377   -76.382    39.374   -76.380    39.371   -76.377    39.371   -76.373
    39.377   -76.370    39.379   -76.367    39.380   -76.362    39.379   -76.358
    39.379   -76.357    39.376   -76.355    39.375   -76.352    39.378   -76.347
    39.379   -76.341    39.376   -76.339    39.373   -76.340    39.368   -76.342
    39.363   -76.343    39.359   -76.343    39.353   -76.341    39.347   -76.336
    39.341   -76.332    39.335   -76.330    39.334   -76.331    39.334   -76.335
    39.336   -76.339    39.339   -76.343    39.340   -76.347    39.341   -76.350
    39.344   -76.350    39.347   -76.350    39.350   -76.355    39.350   -76.360
    39.346   -76.363    39.343   -76.361    39.339   -76.360    39.339   -76.364
    39.341   -76.371    39.340   -76.375    39.337   -76.373    39.334   -76.372
    39.332   -76.369    39.331   -76.365    39.332   -76.360    39.331   -76.357
    39.331   -76.356    39.330   -76.353    39.331   -76.350    39.333   -76.347
    39.330   -76.347    39.329   -76.347    39.325   -76.346    39.324   -76.343
    39.324   -76.333    39.322   -76.329    39.317   -76.327    39.316   -76.322
    39.314   -76.318    39.312   -76.319    39.311   -76.321    39.312   -76.325
    39.312   -76.331    39.310   -76.334    39.309   -76.334    39.305   -76.335
    39.304   -76.338    39.309   -76.341    39.314   -76.341    39.314   -76.344
    39.312   -76.348    39.312   -76.351    39.317   -76.352    39.320   -76.353
    39.324   -76.354    39.323   -76.364    39.322   -76.368    39.323   -76.374
    39.326   -76.380    39.326   -76.387    39.322   -76.390    39.319   -76.389
    39.317   -76.384    39.317   -76.377    39.314   -76.368    39.308   -76.367
    39.304   -76.369    39.301   -76.373    39.300   -76.379    39.303   -76.382
    39.308   -76.380    39.309   -76.381    39.310   -76.388    39.308   -76.391
    39.306   -76.394    39.311   -76.401    39.315   -76.398    39.318   -76.398
    39.319   -76.399    39.317   -76.404    39.315   -76.408    39.314   -76.412
    39.319   -76.418    39.323   -76.424    39.322   -76.430    39.318   -76.428
    39.317   -76.429    39.317   -76.433    39.317   -76.439    39.315   -76.441
    39.312   -76.440    39.312   -76.436    39.313   -76.431    39.310   -76.428
    39.308   -76.429    39.306   -76.432    39.302   -76.428    39.305   -76.420
    39.299   -76.413    39.299   -76.408    39.301   -76.405    39.298   -76.403
    39.295   -76.401    39.291   -76.406    39.285   -76.415    39.283   -76.413
    39.283   -76.408    39.285   -76.405    39.286   -76.400    39.289   -76.391
    39.292   -76.383    39.290   -76.381    39.286   -76.383    39.283   -76.386
    39.276   -76.391    39.277   -76.396    39.277   -76.399    39.274   -76.399
    39.272   -76.396    39.267   -76.396    39.263   -76.402    39.258   -76.406
    39.251   -76.405    39.246   -76.405    39.247   -76.408    39.248   -76.412
    39.247   -76.416    39.248   -76.418    39.253   -76.423    39.254   -76.430
    39.255   -76.435    39.259   -76.435    39.264   -76.435    39.269   -76.437
    39.274   -76.439    39.281   -76.435    39.286   -76.433    39.287   -76.437
    39.285   -76.441    39.285   -76.446    39.287   -76.456    39.291   -76.461
    39.295   -76.459    39.299   -76.456    39.302   -76.459    39.300   -76.471
    39.303   -76.481    39.304   -76.487    39.304   -76.494    39.299   -76.492
    39.295   -76.491    39.294   -76.489    39.291   -76.487    39.289   -76.485
    39.288   -76.482    39.289   -76.479    39.287   -76.476    39.284   -76.475
    39.283   -76.469    39.282   -76.462    39.279   -76.458    39.272   -76.454
    39.261   -76.455    39.258   -76.454    39.255   -76.451    39.248   -76.443
    39.244   -76.443    39.241   -76.440    39.239   -76.434    39.238   -76.429
    39.235   -76.427    39.232   -76.424    39.231   -76.418    39.231   -76.411
    39.235   -76.406    39.242   -76.401    39.241   -76.397    39.237   -76.401
    39.233   -76.402    39.230   -76.400    39.227   -76.398    39.225   -76.400
    39.224   -76.405    39.222   -76.411    39.219   -76.416    39.216   -76.419
    39.213   -76.422    39.210   -76.425    39.211   -76.430    39.213   -76.435
    39.212   -76.437    39.207   -76.437    39.202   -76.438    39.200   -76.441
    39.200   -76.444    39.203   -76.447    39.206   -76.449    39.210   -76.450
    39.216   -76.445    39.221   -76.446    39.220   -76.459    39.221   -76.467
    39.220   -76.469    39.216   -76.469    39.212   -76.469    39.212   -76.473
    39.211   -76.480    39.209   -76.488    39.212   -76.495    39.214   -76.496
    39.219   -76.497    39.224   -76.492    39.226   -76.486    39.232   -76.483
    39.236   -76.478    39.238   -76.474    39.242   -76.471    39.245   -76.472
    39.249   -76.472    39.251   -76.469    39.255   -76.469    39.256   -76.472
    39.254   -76.477    39.250   -76.483    39.246   -76.486    39.243   -76.485
    39.240   -76.486    39.239   -76.489    39.237   -76.495    39.234   -76.496
    39.230   -76.496    39.230   -76.503    39.232   -76.507    39.230   -76.510
    39.229   -76.514    39.232   -76.516    39.236   -76.515    39.240   -76.512
    39.243   -76.512    39.245   -76.517    39.242   -76.520    39.243   -76.526
    39.243   -76.530    39.243   -76.533    39.242   -76.536    39.248   -76.538
    39.256   -76.540    39.258   -76.542    39.260   -76.549    39.261   -76.553
    39.264   -76.556    39.265   -76.563    39.262   -76.569    39.263   -76.571
    39.266   -76.572    39.274   -76.572    39.280   -76.575    39.281   -76.584
    39.281   -76.591    39.284   -76.595    39.288   -76.603    39.287   -76.607
    39.284   -76.609    39.279   -76.610    39.277   -76.609    39.277   -76.605
    39.277   -76.602    39.275   -76.596    39.273   -76.591    39.268   -76.590
    39.264   -76.599    39.261   -76.609    39.260   -76.613    39.257   -76.617
    39.259   -76.619    39.262   -76.621    39.266   -76.621    39.271   -76.621
    39.274   -76.624    39.271   -76.626    39.267   -76.628    39.263   -76.625
    39.260   -76.625    39.256   -76.627    39.252   -76.627    39.250   -76.620
    39.247   -76.617    39.242   -76.615    39.245   -76.611    39.247   -76.608
    39.249   -76.604    39.249   -76.599    39.248   -76.594    39.247   -76.587
    39.245   -76.580    39.242   -76.575    39.238   -76.570    39.232   -76.565
    39.228   -76.566    39.228   -76.571    39.228   -76.576    39.226   -76.577
    39.223   -76.575    39.220   -76.577    39.217   -76.581    39.215   -76.584
    39.211   -76.585    39.209   -76.583    39.206   -76.579    39.205   -76.579
    39.203   -76.577    39.197   -76.577    39.192   -76.578    39.192   -76.580
    39.191   -76.584    39.187   -76.590    39.185   -76.597    39.184   -76.603
    39.181   -76.607    39.179   -76.608    39.178   -76.605    39.177   -76.601
    39.178   -76.596    39.180   -76.592    39.182   -76.588    39.181   -76.587
    39.173   -76.591    39.169   -76.596    39.165   -76.597    39.161   -76.597
    39.159   -76.595    39.162   -76.590    39.172   -76.585    39.176   -76.582
    39.179   -76.577    39.180   -76.573    39.182   -76.571    39.186   -76.572
    39.190   -76.570    39.194   -76.565    39.197   -76.564    39.199   -76.564
    39.201   -76.567    39.203   -76.571    39.203   -76.571    39.208   -76.571
    39.215   -76.571    39.217   -76.569    39.217   -76.566    39.215   -76.562
    39.213   -76.560    39.215   -76.554    39.217   -76.550    39.219   -76.546
    39.217   -76.545    39.214   -76.542    39.214   -76.539    39.217   -76.537
    39.217   -76.533    39.214   -76.531    39.210   -76.533    39.207   -76.535
    39.205   -76.537    39.201   -76.538    39.196   -76.536    39.189   -76.531
    39.183   -76.523    39.180   -76.517    39.175   -76.518    39.170   -76.519
    39.166   -76.524    39.162   -76.533    39.158   -76.540    39.154   -76.547
    39.149   -76.549    39.149   -76.545    39.152   -76.530    39.154   -76.520
    39.158   -76.514    39.162   -76.515    39.172   -76.510    39.171   -76.506
    39.163   -76.502    39.160   -76.504    39.157   -76.508    39.155   -76.512
    39.149   -76.515    39.144   -76.515    39.143   -76.510    39.150   -76.503
    39.148   -76.497    39.152   -76.497    39.155   -76.498    39.158   -76.497
    39.158   -76.491    39.161   -76.485    39.169   -76.480    39.172   -76.475
    39.171   -76.470    39.161   -76.471    39.156   -76.466    39.151   -76.459
    39.147   -76.447    39.142   -76.439    39.137   -76.439    39.135   -76.448
    39.138   -76.452    39.140   -76.458    39.141   -76.463    39.138   -76.470
    39.136   -76.467    39.134   -76.463    39.132   -76.455    39.126   -76.454
    39.127   -76.460    39.129   -76.468    39.129   -76.478    39.127   -76.484
    39.122   -76.482    39.122   -76.477    39.123   -76.471    39.122   -76.465
    39.120   -76.459    39.121   -76.451    39.121   -76.447    39.120   -76.445
    39.118   -76.447    39.111   -76.446    39.115   -76.439    39.123   -76.438
    39.129   -76.437    39.133   -76.435    39.134   -76.428    39.132   -76.426
    39.126   -76.427    39.122   -76.431    39.115   -76.433    39.111   -76.432
    39.105   -76.427    39.099   -76.422    39.091   -76.418    39.084   -76.416
    39.076   -76.419    39.068   -76.422    39.061   -76.426    39.061   -76.429
    39.064   -76.430    39.067   -76.432    39.070   -76.437    39.073   -76.439
    39.077   -76.437    39.081   -76.439    39.082   -76.440    39.085   -76.438
    39.088   -76.436    39.091   -76.437    39.093   -76.438    39.096   -76.441
    39.096   -76.445    39.095   -76.450    39.097   -76.456    39.095   -76.460
    39.093   -76.465    39.089   -76.467    39.086   -76.464    39.083   -76.463
    39.082   -76.465    39.081   -76.469    39.083   -76.473    39.082   -76.476
    39.080   -76.479    39.078   -76.485    39.080   -76.486    39.083   -76.490
    39.083   -76.492    39.081   -76.493    39.079   -76.496    39.081   -76.501
    39.084   -76.507    39.083   -76.514    39.086   -76.514    39.090   -76.514
    39.093   -76.514    39.097   -76.513    39.098   -76.517    39.099   -76.521
    39.102   -76.522    39.103   -76.528    39.097   -76.530    39.094   -76.527
    39.091   -76.530    39.087   -76.530    39.084   -76.527    39.081   -76.520
    39.079   -76.517    39.075   -76.517    39.071   -76.517    39.070   -76.513
    39.070   -76.507    39.067   -76.504    39.065   -76.503    39.062   -76.502
    39.062   -76.497    39.063   -76.493    39.059   -76.493    39.055   -76.492
    39.056   -76.486    39.061   -76.485    39.064   -76.480    39.064   -76.479
    39.060   -76.467    39.061   -76.461    39.061   -76.458    39.058   -76.455
    39.057   -76.455    39.052   -76.460    39.045   -76.462    39.044   -76.457
    39.046   -76.451    39.050   -76.444    39.051   -76.435    39.049   -76.428
    39.043   -76.420    39.040   -76.415    39.037   -76.409    39.032   -76.405
    39.024   -76.398    39.017   -76.392    39.012   -76.389    39.010   -76.391
    39.009   -76.394    39.008   -76.399    39.006   -76.406    39.004   -76.412
    39.000   -76.417    38.997   -76.421    39.001   -76.421    39.006   -76.417
    39.009   -76.414    39.015   -76.412    39.019   -76.412    39.020   -76.415
    39.017   -76.418    39.012   -76.422    39.008   -76.424    39.006   -76.427
    39.006   -76.428    39.008   -76.428    39.013   -76.430    39.017   -76.432
    39.017   -76.433    39.018   -76.440    39.018   -76.442    39.015   -76.441
    39.012   -76.436    39.008   -76.435    39.003   -76.436    38.999   -76.438
    38.999   -76.442    39.001   -76.446    39.004   -76.449    39.007   -76.453
    39.011   -76.455    39.012   -76.459    39.011   -76.463    39.008   -76.465
    39.005   -76.465    39.002   -76.462    39.001   -76.457    38.999   -76.451
    38.995   -76.449    38.990   -76.447    38.987   -76.448    38.984   -76.449
    38.983   -76.450    38.983   -76.454    38.985   -76.456    38.988   -76.459
    38.983   -76.450    38.988   -76.466    38.989   -76.477    38.990   -76.480
    38.998   -76.482    39.000   -76.486    39.003   -76.491    39.006   -76.495
    39.009   -76.500    39.013   -76.503    39.016   -76.506    39.019   -76.507
    39.023   -76.513    39.027   -76.514    39.030   -76.514    39.032   -76.520
    39.035   -76.524    39.037   -76.525    39.040   -76.527    39.041   -76.533
    39.042   -76.536    39.043   -76.536    39.047   -76.536    39.052   -76.536
    39.056   -76.537    39.058   -76.538    39.062   -76.542    39.065   -76.544
    39.066   -76.547    39.064   -76.549    39.063   -76.552    39.065   -76.555
    39.066   -76.555    39.069   -76.557    39.072   -76.557    39.075   -76.559
    39.076   -76.564    39.075   -76.567    39.075   -76.570    39.078   -76.572
    39.079   -76.575    39.077   -76.577    39.075   -76.580    39.075   -76.582
    39.076   -76.586    39.078   -76.590    39.080   -76.592    39.083   -76.594
    39.083   -76.603    39.082   -76.610    39.080   -76.609    39.078   -76.604
    39.076   -76.600    39.073   -76.594    39.070   -76.586    39.069   -76.576
    39.066   -76.574    39.064   -76.576    39.062   -76.577    39.060   -76.576
    39.059   -76.573    39.059   -76.567    39.059   -76.563    39.058   -76.562
    39.053   -76.562    39.050   -76.560    39.048   -76.560    39.048   -76.564
    39.048   -76.569    39.047   -76.572    39.044   -76.573    39.042   -76.573
    39.040   -76.571    39.038   -76.571    39.035   -76.574    39.031   -76.575
    39.030   -76.571    39.031   -76.568    39.034   -76.565    39.036   -76.563
    39.036   -76.560    39.033   -76.552    39.029   -76.537    39.027   -76.530
    39.022   -76.528    39.016   -76.526    39.013   -76.525    39.012   -76.518
    39.013   -76.515    39.010   -76.511    39.008   -76.507    39.001   -76.503
    38.991   -76.497    38.983   -76.493    38.980   -76.490    38.977   -76.488
    38.973   -76.489    38.970   -76.487    38.967   -76.477    38.968   -76.475
    38.969   -76.473    38.970   -76.470    38.968   -76.470    38.965   -76.470
    38.962   -76.467    38.958   -76.466    38.956   -76.467    38.955   -76.467
    38.952   -76.468    38.951   -76.468    38.950   -76.466    38.948   -76.465
    38.950   -76.461    38.953   -76.457    38.954   -76.454    38.952   -76.450
    38.951   -76.446    38.949   -76.444    38.946   -76.445    38.941   -76.453
    38.937   -76.458    38.933   -76.459    38.929   -76.458    38.925   -76.457
    38.922   -76.457    38.922   -76.460    38.924   -76.463    38.923   -76.464
    38.919   -76.463    38.917   -76.461    38.913   -76.457    38.910   -76.455
    38.907   -76.455    38.907   -76.462    38.908   -76.466    38.910   -76.469
    38.915   -76.473    38.919   -76.475    38.930   -76.477    38.935   -76.481
    38.936   -76.487    38.934   -76.489    38.931   -76.491    38.928   -76.495
    38.928   -76.501    38.930   -76.504    38.933   -76.505    38.936   -76.506
    38.941   -76.507    38.942   -76.510    38.941   -76.513    38.940   -76.516
    38.943   -76.516    38.946   -76.515    38.949   -76.516    38.949   -76.519
    38.948   -76.521    38.945   -76.524    38.946   -76.527    38.949   -76.527
    38.952   -76.524    38.956   -76.520    38.957   -76.520    38.960   -76.519
    38.962   -76.522    38.962   -76.525    38.959   -76.528    38.957   -76.530
    38.956   -76.531    38.954   -76.534    38.955   -76.534    38.957   -76.535
    38.960   -76.534    38.963   -76.535    38.966   -76.538    38.965   -76.541
    38.962   -76.543    38.958   -76.544    38.957   -76.546    38.956   -76.547
    38.957   -76.549    38.957   -76.551    38.959   -76.556    38.959   -76.563
    38.959   -76.568    38.961   -76.568    38.962   -76.569    38.966   -76.570
    38.969   -76.573    38.968   -76.576    38.966   -76.578    38.966   -76.583
    38.968   -76.585    38.970   -76.591    38.971   -76.595    38.969   -76.598
    38.964   -76.598    38.962   -76.597    38.960   -76.595    38.958   -76.591
    38.959   -76.583    38.959   -76.579    38.957   -76.578    38.957   -76.578
    38.955   -76.576    38.953   -76.576    38.951   -76.576    38.947   -76.578
    38.942   -76.577    38.940   -76.573    38.939   -76.569    38.942   -76.568
    38.945   -76.568    38.947   -76.565    38.949   -76.563    38.951   -76.559
    38.952   -76.554    38.951   -76.549    38.950   -76.547    38.947   -76.547
    38.945   -76.548    38.943   -76.550    38.940   -76.551    38.938   -76.549
    38.937   -76.548    38.938   -76.546    38.942   -76.543    38.943   -76.540
    38.941   -76.539    38.939   -76.539    38.938   -76.539    38.935   -76.541
    38.934   -76.544    38.930   -76.546    38.928   -76.545    38.928   -76.542
    38.930   -76.541    38.930   -76.539    38.929   -76.535    38.929   -76.532
    38.932   -76.531    38.934   -76.529    38.933   -76.525    38.932   -76.525
    38.929   -76.525    38.926   -76.525    38.924   -76.524    38.924   -76.522
    38.926   -76.521    38.928   -76.519    38.926   -76.516    38.923   -76.515
    38.923   -76.513    38.922   -76.510    38.921   -76.506    38.920   -76.505
    38.919   -76.505    38.917   -76.506    38.913   -76.505    38.912   -76.503
    38.912   -76.500    38.913   -76.498    38.915   -76.494    38.914   -76.491
    38.910   -76.491    38.906   -76.491    38.901   -76.490    38.896   -76.488
    38.892   -76.488    38.888   -76.489    38.885   -76.494    38.882   -76.500
    38.879   -76.503    38.872   -76.511    38.881   -76.512    38.888   -76.514
    38.891   -76.510    38.892   -76.510    38.892   -76.513    38.894   -76.514
    38.898   -76.516    38.898   -76.520    38.895   -76.522    38.892   -76.523
    38.892   -76.525    38.893   -76.526    38.895   -76.526    38.899   -76.527
    38.900   -76.529    38.902   -76.532    38.902   -76.535    38.896   -76.536
    38.891   -76.537    38.889   -76.541    38.887   -76.545    38.882   -76.547
    38.877   -76.546    38.877   -76.542    38.878   -76.538    38.882   -76.535
    38.884   -76.532    38.885   -76.527    38.886   -76.522    38.883   -76.522
    38.878   -76.522    38.876   -76.521    38.874   -76.519    38.870   -76.519
    38.867   -76.523    38.863   -76.523    38.863   -76.529    38.866   -76.534
    38.862   -76.536    38.856   -76.539    38.852   -76.542    38.848   -76.542
    38.843   -76.544    38.838   -76.544    38.833   -76.548    38.828   -76.548
    38.826   -76.546    38.830   -76.543    38.833   -76.541    38.832   -76.534
    38.831   -76.528    38.833   -76.520    38.838   -76.520    38.839   -76.522
    38.841   -76.524    38.846   -76.524    38.853   -76.522    38.854   -76.517
    38.853   -76.511    38.849   -76.512    38.844   -76.512    38.842   -76.503
    38.846   -76.501    38.854   -76.499    38.855   -76.496    38.854   -76.494
    38.852   -76.494    38.848   -76.495    38.845   -76.494    38.843   -76.492
    38.842   -76.489    38.838   -76.489    38.833   -76.491    38.826   -76.492
    38.821   -76.494    38.815   -76.496    38.812   -76.500    38.808   -76.504
    38.803   -76.506    38.796   -76.509    38.796   -76.515    38.799   -76.525
    38.798   -76.528    38.794   -76.528    38.790   -76.527    38.787   -76.528
    38.782   -76.529    38.779   -76.534    38.780   -76.537    38.781   -76.541
    38.782   -76.543    38.779   -76.544    38.776   -76.545    38.774   -76.548
    38.774   -76.552    38.774   -76.558    38.782   -76.556    38.784   -76.558
    38.781   -76.561    38.775   -76.564    38.770   -76.563    38.766   -76.560
    38.762   -76.556    38.755   -76.552    38.749   -76.553    38.740   -76.551
    38.732   -76.548    38.729   -76.543    38.730   -76.535    38.730   -76.528
    38.729   -76.523    38.722   -76.520    38.719   -76.520    38.710   -76.525
