        27      5288        33    3    8    1    2    0    1    393700      1972
 4017 17052146913184 4016 2085 4387131831292912946214681280321337 170612683 1849
    390000    780000    400000    780000    400000    770000    400000    760000
    390000    760000    390000    770000    0   50  156          81328
BALTIMORE, PA WV MD VA ,  1:250000 QUAD POLITICAL MAP
    1   27 5288   33  156   40 4017 17052146913184   62
    1  188
    2  262
    3  336
    4  364
    5  396
    6  744
    7  924
    8 1912
    9 2656
   10 2790
   11 2890
   12 2926
   13 3064
   14 3102
   15 3860
   16 3914
   17 3932
   18 3968
   19 4144
   20 4288
   21 4500
   22 4684
   23 4808
   24 4854
   25 4884
   26 4896
   27 5288
20116 284120123 283920132 283320144 282720159 281420152 279920143 278920125 2777
20118 277820112 277520100 276720092 274920092 274120094 272220103 270220101 2690
20101 269020201 263020350 280020360 260020500 250020550 235020650 220020600 2275
20500 232520475 245020200 240020100 245020037 257620031 257620031 256820056 2551
20061 254720068 252420064 251720053 251920048 252520042 252720010 254220005 2534
19987 249819983 248519977 246619970 244919961 244019943 243119924 242319900 2412
19866 240519850 239419846 238819841 238419810 234819795 232519793 231119795 2298
19760 225119753 223819753 223319762 222419789 221719808 221019817 220019822 2174
19819 215419815 214819804 210219802 208219803 206819808 205619820 203219821 2026
19831 200819841 200319845 200619861 201819884 203319909 203919920 204019927 2032
19919 202219906 200719877 198919869 198419865 197119878 194919884 193619890 1911
19901 187919907 186719913 185419921 181619905 173719903 172319903 172319770 1725
19764 172419756 172519750 172419744 172619732 172519707 172419514 172719472 1725
19462 172519447 172819415 172819408 172919401 172819395 172919387 172819381 1730
19369 172719269 173119263 173219256 173119249 173319236 173219068 173419062 1733
19054 173419048 173319041 173519035 173319021 173519003 173418997 173318986 1736
18834 173918829 173718822 173818822 173818788 179218788 180018767 186318753 1950
18747 196218724 199318715 200418709 201518703 202818698 204718694 206018696 2078
18704 208518727 208518731 209418730 210118720 210618718 211218724 213218730 2157
18726 217218720 217618698 216718663 214618629 211418615 208218591 205118551 1951
18546 192518544 189018537 185118538 183118542 181818543 180418540 174918540 1744
18540 174418536 174418530 174318522 174518516 174318509 174518495 174418065 1752
18057 175118051 175218044 175118038 175318024 175217895 175417865 175217856 1769
17850 178017838 179517814 183017802 182017792 181017774 179917768 179917736 1813
17729 180917732 179517750 177517748 175517865 175217895 175417895 175417891 1762
17887 177217870 179917854 182917848 184817852 185517864 186217911 188017914 1884
17913 190417909 191717903 193617899 195517895 196817888 200117877 202617853 2073
17843 209017828 211317812 213417765 218117732 220517721 221117668 224317657 2250
17638 226317634 226317632 225517631 224217626 223017615 221217612 218617611 2175
17603 216717598 216817596 218017592 219217588 219917589 222717601 224317610 2249
17614 226317612 227317594 228917576 231617576 232417607 240017611 241217660 2529
17674 254717695 260217698 262317697 264317696 265017681 267217680 268717678 2714
17679 272117680 273417649 283817645 285717613 294517610 295717605 297717602 3004
17608 303717608 309717605 312417606 314417615 317617631 320817627 322117622 3225
17612 322417599 322317565 322517559 323017549 324817550 325617552 326217548 3276
17542 328817526 330017513 330417500 331117484 332117430 335517420 336417409 3372
17394 338617378 339817356 341417350 341617340 342417329 343217274 349217264 3508
17258 352017253 352517238 357017236 357717241 359717240 360317236 361017230 3612
17219 361417196 360317159 356417145 353417149 352217160 351717166 351617171 3510
17170 350417165 349717160 349417143 349817132 350217113 350917100 351317081 3520
17062 352617035 353617032 355217031 356617007 360616975 364816958 366016951 3662
16938 365816904 366616896 367416895 367916885 369716855 372016850 372016845 3717
16835 370916817 370016781 367716770 369416768 370316774 370716793 371616820 3722
16829 373016829 373616823 374816817 376016814 376616815 378016801 381116786 3833
16783 384016764 386316762 386716759 387216757 387816754 388516753 389116749 3898
16748 390416753 391416791 392316797 392816802 394216779 399916764 402116747 4030
16743 403016744 403816743 404416747 405916747 405916760 407416767 408716767 4095
16762 410616755 410816741 410916728 411616722 411616707 411016698 410916693 4111
16684 412116676 412216670 412116658 411516638 410916625 411316616 412316615 4130
16614 413716620 415016619 417016614 418216608 418716598 420416578 424016567 4264
16561 427616553 429416537 432416531 434316524 437716518 438116514 438116509 4388
16485 445116480 445816481 446716506 452916510 454216525 458016529 459216545 4626
16580 463216584 464116586 465316590 465716600 465216604 464516610 464116615 4641
16619 464416622 465016627 465216639 465116671 464316682 463516687 463016707 4583
16716 458316721 458616723 459316730 460416731 461116735 461716737 463116730 4649
16711 467016710 468016719 468416725 468016729 467316739 466416748 465416756 4628
16754 461516753 460916745 459816730 452416725 451216724 449916727 448516750 4451
16757 444016769 442416776 442716785 442816791 443116794 443516794 443516818 4445
16836 445316855 445816875 445916889 445716894 445316903 444316906 443016907 4417
16910 438316911 437016910 435616911 434316933 431016945 429816950 429516957 4294
16963 429016987 427816998 427117035 425417052 424517062 423617069 423417080 4226
17085 421217085 420617086 419317083 418617079 418117067 415717059 414517044 4139
17041 413417042 412717046 412717054 411917052 410917047 410817037 410017039 4082
17042 407617053 407417056 407317060 406317059 405517060 404917063 403617088 4024
17095 402417101 402117125 400817131 400617152 400517158 400817168 401717171 4023
17172 405017169 408517170 409717177 410917190 411517204 411417230 411817242 4119
17247 411317240 410217234 410017212 409217210 407717205 404717208 404217234 4041
17267 404517308 404617320 404417347 404217353 404017369 404117373 404717375 4088
17374 410017373 411417372 412717371 416817374 418717373 420117368 422017364 4233
17363 424617369 427917382 430317389 430817395 430917410 430117414 429617420 4292
17429 428817433 428217431 427917408 427917393 427317389 426717387 425417394 4245
17397 424417410 424217418 423717425 422717412 420017415 418917420 418317444 4182
17457 418317484 418317539 419017545 419517555 423017559 424317566 425517570 4268
17574 428417583 428417586 427417584 426617578 424717574 424117569 422217567 4202
17575 417517574 417117562 415517560 416017550 416517537 416217528 415117524 4138
17527 411917525 410517521 409217495 403817480 400817480 400017483 398717499 3958
17512 394217520 393317532 392617539 392617559 394917575 397117589 400217589 4009
17586 401417581 401417559 400317552 400217546 400417539 400917537 401517539 4029
17543 404217543 404817553 407417558 407917572 407317577 407417582 408117582 4097
17608 411717612 412317619 413117624 412917629 412317629 410817631 410117625 4061
17628 403417636 402317643 401917657 402017675 402617687 403417699 405117721 4101
17725 411217740 415017744 416217751 417517758 418617764 419817777 421317815 4241
17919 429217924 430017919 430917913 431417898 431917897 432817899 433617904 4349
17909 435517918 436417927 437317929 438517820 432517700 437517590 435017390 4450
17380 475017350 483017250 488017275 495017250 510017440 499017500 480017650 4550
17930 460017915 459517895 460617904 462317916 464017928 466417935 467617944 4694
17951 470517959 472517957 473417946 473717937 473517930 472617918 471617910 4715
17904 472717904 473417911 473817920 474317924 474917925 475717921 479017924 4802
17875 482517900 486017825 490017800 499017775 505017750 510017710 520017690 5150
17650 530017685 529517750 522517770 515017850 508517890 499017925 497018050 4920
18069 492118086 496518121 505218125 506518129 507118133 508418159 510718180 5132
18196 515518207 517118217 519818214 520718202 520818191 521018182 521718184 5226
18186 523118190 523118204 523918206 524518197 526318191 527518186 528018175 5284
18153 527518131 527118120 528018107 529518096 530318090 530518045 528918039 5289
18032 529218023 529918025 530918035 530618041 530618049 532018051 532618052 5342
18036 536218039 537318046 537418062 536318072 535518097 534318103 533618138 5308
18165 530618178 531018196 532718200 532818219 532418232 532718248 532018269 5303
18272 530018271 528918275 527718280 527118298 525918304 525818317 525418324 5246
18324 524118319 522818312 521518313 521018319 519818325 519718349 521318356 5215
18363 521518383 521218396 520818411 519518419 519318432 519218438 519418445 5199
18448 520418458 522218469 523018482 523418495 523718505 524618508 525218512 5265
18509 527918500 533318496 534618486 535518459 536218439 536318406 537318379 5375
18366 537618356 537518347 538318346 539018346 542418345 543018338 543418325 5424
18288 540918280 540918270 540418266 539818262 539618250 539918240 540118236 5403
18236 543018219 543418208 543218197 542618193 541818186 541618183 541618179 5420
18187 544318185 546218181 546818155 550718138 552818097 553418089 554818088 5558
18090 556818097 556918113 555518119 555218132 554818145 554718159 554518171 5541
18186 552718202 550618217 549318241 548118268 547418274 547018294 546818300 5471
18306 547818299 549618307 553518306 554318300 554318277 553618263 553518257 5539
18224 558218207 560318202 561518202 562318209 562918214 563018220 562818255 5631
18266 563918270 565218275 566518276 567918274 568518258 570518264 571318276 5712
18294 566818293 562118302 559718316 557718324 557618348 559918352 559918358 5594
18352 557518356 555018363 553818372 552418372 552018381 551718390 553218397 5540
18423 553418429 553018435 552918441 552518460 551918472 551218491 548418501 5466
18497 545218501 545018505 545018510 545618523 546218537 546618541 547118542 5477
18522 549518515 550718509 551818494 554018466 561018458 562818457 563418453 5640
18447 565218434 567518422 570018419 571118413 572218438 573118443 573518456 5750
18461 576218462 578318461 579718460 581018458 583018467 587618468 588818461 5895
18455 589618429 590618415 591018408 590718396 590618382 590818360 592418357 5930
18353 594418356 595118396 600318412 602118414 602618414 602618415 602918429 6044
18456 607818461 608118478 607618523 606518529 606318536 606218542 606018562 6061
18582 606718628 607318648 607118667 606618704 604918740 602018748 600918763 5991
18767 598018772 596718772 596118775 594818782 589418780 588018769 583518750 5792
18743 578118742 577318745 574718738 574218718 573918707 573218691 571518688 5709
18690 570318697 569118717 567318730 566618749 566018755 565918761 565518781 5654
18800 564818818 563918828 563118837 561918842 560718841 560018806 551318802 5479
18802 541318805 539918814 538818824 537918835 536218848 532518850 531518870 5265
18868 523818866 522418864 517718852 515318828 512118825 510018830 509118837 5087
18847 508718859 508318866 508318905 507118932 506618939 507018942 507718944 5089
18945 510318951 513618950 516318948 518318948 518918963 522018972 523118978 5246
18979 527918988 531319067 539019078 540819082 542119090 543219100 544119123 5454
19130 545519143 546119149 546419154 546919166 547519171 548519171 549019155 5526
19155 552619130 555019120 567519080 569019000 605019150 625019200 630019230 6350
19150 645019175 660019200 665019250 655019400 665019430 670019460 680019496 6826
19500 680019505 675019480 672519470 670019450 665019400 645019350 640019325 6375
19300 610019325 602519250 595019235 589019200 582019190 580019210 581019215 5775
19283 575219306 574019319 572519330 570719339 569519385 563019392 562619395 5621
19413 561619422 562119440 564119447 565219465 568019489 569419505 570419518 5710
19549 572419566 573319590 574619621 575919644 577419696 582619720 585919727 5870
19732 587519738 588619767 593319769 593919774 594619776 595319750 597019725 5980
19600 600019500 602519550 605019600 609019750 610019775 605019800 610019853 5988
19853 598819867 598919869 599419876 602119882 604019888 605219899 606819906 6080
19921 610219945 613519959 615819969 616920007 621520014 621720019 622120033 6226
20094 622520100 622720108 622720121 623020127 623220158 624720175 625720197 6273
20206 628220290 636020316 638020340 640520370 645020396 647320402 647520419 6487
20432 649320444 650020467 651220484 652320494 653320498 654120499 654620495 6567
20492 657320493 660020499 661220530 665020535 665120540 665620553 665720570 6655
20579 669020595 672020610 685020620 690020645 687520680 680020690 678020705 6700
20659 667820664 667220674 665920675 664720668 662820666 662020669 661420670 6600
20672 659320693 657220701 657320711 658220718 658320724 659120751 661620759 6619
20794 665220801 665520805 666020836 667620861 668620870 668720874 669220874 6706
20871 671220865 673920837 680920826 682520813 685620807 686820796 690020787 6946
20776 697820775 698420767 698620748 698020729 697920722 697320725 696220711 6921
20708 690020709 688020711 686120710 685220703 684320697 684120692 685520694 6921
20697 694120695 695920701 697620701 698620695 699220691 700520686 701320587 6997
20579 699520571 699820564 699620522 700820516 701320508 701420503 702120497 7023
20461 706420458 707020453 707520447 708720439 709720425 709920418 709820412 7090
20401 706520392 705420382 704820378 704620369 705920355 706320343 706520336 7068
20313 709220306 709520286 711420275 712120259 713420249 715120263 722720265 7240
20264 726020263 726620247 729620248 730120259 730520261 731020260 732320255 7361
20261 736320266 736120273 733220282 731420290 730520300 729520304 727420324 7256
20330 725220336 724420332 723420322 721720320 721020324 719620346 717320353 7173
20381 721620384 722220393 723320400 724420409 726220427 730620445 738320457 7407
20470 743120490 748020492 749420493 750120491 750820504 752520509 752820513 7535
20518 753820522 754520527 754820534 756120545 757720557 760920567 764920573 7661
20586 767620593 767920639 768820651 769320671 771220678 772320732 775320744 7759
20975 779020980 779020987 779320989 780620966 782120950 784320945 784720943 7850
20941 785420936 785820933 786420932 787820942 788720947 788520958 787820963 7872
20970 787020981 786221006 785121021 785221035 787221041 788321050 789521069 7921
21073 792721090 799921092 800621108 801421112 801421116 800121114 797121113 7958
21124 793221127 792721126 791321120 789321100 785221103 784021108 783621129 7831
21134 782721139 781421144 780521168 779821246 778121258 777221264 776021276 7736
21294 770121304 769221325 768921351 769321363 769921369 770321376 771721368 7732
21356 774921351 775421342 778021342 780221348 780721354 781821367 784221376 7875
21388 789921405 792621411 792821406 793821442 794221467 795121486 795121502 7970
21505 798221532 799921545 801121562 801321572 802621594 803921612 803021626 8028
21662 792621655 790121652 787821665 783621674 777921692 776821675 775221660 7732
21654 770821664 768621677 767921705 767921714 765221721 763721699 762221669 7606
21628 760621612 760921601 758821571 757821554 756921553 750321549 744721527 7404
21510 738621500 732321496 727221497 722921484 719221464 717021440 715621433 7094
21438 704821445 700021440 695421421 690421393 687421398 686821388 686021373 6848
21369 684221348 682721301 678421285 676221283 674921286 672221289 671021295 6697
21308 669321341 669721373 670821380 670821386 671021397 671021393 670921393 6709
21406 671421420 672321425 673621416 674821412 675821413 676621431 677321448 6785
21471 678621488 679821493 680921509 681621520 688221522 690421526 692421534 6927
21563 692121580 692421588 694421596 696121616 696521642 696321657 698721658 7019
21659 703721666 704321700 704221716 704121722 704821720 707121741 708421764 7093
21770 711021790 712821820 713421837 716121841 718921870 720821893 721621904 7231
21944 723721979 724122079 722522068 716122058 713622043 712022055 708222021 6963
21975 695121930 696221895 697321863 697021840 694921822 690821777 686421703 6852
21681 684521655 679421634 677321615 671621611 668721597 667121588 663021553 6555
21515 652621466 651221432 649821410 647421391 644821392 644821385 644221379 6435
21372 642221370 638921366 638321360 637121332 632521321 630921309 628921298 6289
21272 626621251 625021205 622221181 621121168 620821136 619721150 620021015 5899
20985 583020981 582520975 582020948 582220914 582620907 582520901 582820881 5830
20860 583320793 583520780 583720754 583920740 584020719 583920673 583020666 5834
20652 583320645 583120565 583420545 583720539 583720532 584020500 584220493 5843
20420 584520415 583820410 581620403 579020375 572920330 568720321 568420308 5674
20301 567220289 566520231 563120213 561120198 557320198 555420207 552920222 5507
20228 548720233 546320214 544320190 541420186 541320159 542020140 542720115 5433
20107 543120101 543320088 543220038 545220025 545519998 545019968 543319936 5426
19912 541519905 541219885 536019881 534719874 533619866 532519837 530919832 5306
19819 529619810 529519792 528819785 528719776 527719769 525819764 522519764 5206
19771 519319783 518619802 518119829 517019835 515719842 510419841 508519835 5052
19836 503819809 496419797 496119787 494319781 492219776 490319761 487319748 4858
19732 484619725 484119711 484019704 483819697 483919677 483619657 483919644 4833
19626 480419602 477919585 475919553 472519544 471519527 470319515 468619503 4662
19491 464619481 463019464 460019444 455819440 454419435 453219427 450019420 4481
19394 437019384 435219375 433419369 432319338 427819323 425719316 424519304 4229
19295 421119288 419919287 419219283 418619279 417419272 415519268 414219264 4129
19257 410319219 400919215 399719208 397819204 396519179 391019158 386919148 3858
19119 381319106 379819091 377519059 373319042 370419033 368619023 366918999 3607
18992 357418988 356018981 352118978 347418974 346118968 344218962 340918960 3383
18957 336218958 335618964 335318973 335718990 335519042 334219048 333919063 3326
19099 329719103 329119119 327919167 323219182 321919192 321819215 323419229 3232
19235 323119244 321419250 321019262 321019271 321219278 321119280 319319269 3194
19263 319619250 318919244 318019245 316819246 315419245 314219242 313519243 3112
19249 310119253 308819253 306819255 306119263 304919282 302219298 301619299 3012
19294 300419286 300619274 300919251 302419239 304019234 304419222 304519227 3012
19245 296819272 291419275 290919277 290319289 287819302 284819312 283119313 2824
19317 281819321 279819324 279219327 278019334 275319346 268019346 265319348 2634
19349 259319350 257919348 257319349 256719348 255319346 252019344 251319345 2499
19346 246619347 245219345 242519344 241319349 238619350 237319349 232619344 2318
19342 230519338 229219332 227919304 224219286 223319281 222819258 217119250 2126
19248 210519239 206019240 204619243 203919259 202619268 202119271 201519280 1999
19286 198819296 198019309 197319320 195619322 195019351 193319370 192519382 1909
19391 189919402 189219409 189219440 187919457 185819464 184619468 183619476 1841
19483 184219502 184719506 185219503 186419497 187619483 191319483 192119488 1926
19497 193019518 190219525 189819547 186719566 187519578 188119584 188319592 1891
19591 189719577 191619554 194419552 194919554 195219553 197319537 199419527 2001
19518 200519514 200619479 199119480 200019488 201119498 202019516 202819521 2032
19525 203819526 204619523 205819517 206119513 206219506 205919499 206119492 2059
19480 206419475 207119475 207819484 208919489 209119513 208319520 208019537 2081
19541 208419543 209719525 213119514 213519502 213219494 213319497 214019502 2145
19511 219019509 219819511 220419524 222819514 225419509 227319510 228719512 2307
19519 232619525 235119528 235819530 237919533 239819532 241219525 244419521 2451
19518 246419512 248319514 250319516 250719526 251119547 252719563 254919571 2567
19572 258119574 260719576 262119575 264319564 265219559 265419565 266119579 2665
19586 267219591 269119597 269619608 270219626 271119656 272719674 273519700 2757
19709 276619752 280019758 280719781 281019794 281119907 282719920 282819927 2833
19944 286519954 287419978 288619996 289520001 290020015 290320020 289920033 2893
20044 288620116 284119082 496419096 497119104 498119113 498519117 498319123 4984
19127 498319131 497919133 497219132 496519133 495919131 494519130 493219119 4906
19102 487019087 484719076 484019056 483319046 483319040 484219042 486919049 4895
19065 491619069 494519071 495819073 496419082 496418063 448318055 447518043 4488
18037 450318059 452018065 452318079 450818079 450018063 448321389 588821383 5887
21376 588921369 588621357 588521336 588321302 588321289 588221269 588121196 5870
21163 586921142 586721122 586921083 587921070 588321037 589121020 589621015 5899
19428 973319432 970219438 968319443 966419470 959419476 958319503 953619508 9531
19515 951919544 946519552 944719556 944219559 943519568 941819583 939519593 9378
19610 934819627 932719630 932219637 931219647 930819664 929419731 923919767 9191
19772 918619802 917119829 915019845 912919878 909719895 908519926 905919941 9046
19951 903919976 901619984 900720002 898620013 896920021 895120034 892720049 8889
20059 886520063 885220073 882020078 880720099 876920095 874420103 873220113 8700
20117 868720128 865520129 864820132 864220136 862920142 861720151 860720173 8591
20185 858520236 855220251 853020253 852320262 851320287 847320316 842920331 8406
20357 836720364 835620369 835020372 834420380 833420391 831720422 827220433 8255
20463 821120467 820420472 820120480 818920522 812920528 811820543 809520549 8082
20564 806020570 804920602 799620616 797420630 795120672 789020678 787820744 7759
21384 588121439 587321496 583821513 580521531 577721559 575621590 576521611 5798
21638 582321670 584121715 585521755 585721799 584921820 582921834 580521857 5784
21895 577221932 578021948 579421968 580922008 581222042 578922064 576522095 5760
22126 575522151 574022193 573322249 573322280 574422328 571722363 569022380 5689
22391 571222412 573222457 574122491 575022517 575722543 574822582 576022601 5742
22619 573222644 573822681 576222714 576222728 577422743 579122779 580622798 5809
22817 582822836 583522855 586322861 587322885 588422904 590722928 591422943 5917
22968 590823005 590123026 588523042 586923085 586723108 586723141 587223154 5882
23160 589323179 589723199 590623216 590123228 590223241 591423326 588423394 5870
21368 434121419 434221452 434921474 434921484 435521489 438121489 440221493 4422
21514 442521537 441921547 441221593 442021624 442721655 442221675 440421689 4378
21731 436721765 437321798 438521822 437321846 435121868 434121930 435621994 4388
22011 440122039 440222060 439322157 441022197 441222223 442222268 442622286 4440
22283 446122285 448422295 450122309 450822324 450822334 448922342 447422349 4465
22376 446322397 446822414 447422429 446322450 445422469 447322479 451422496 4540
22521 457322554 458522570 457622590 457422607 458222626 456822666 456022682 4553
22685 453822681 452722695 451422704 452022704 453422714 454322736 454522757 4531
22757 451422772 449422795 449222869 444722898 442522919 441022933 441122959 4401
22984 440322997 441123008 439523015 439223023 437123031 436923039 436323047 4362
23059 437823064 437623093 436123114 435823134 436123145 437823154 437523162 4374
23174 438123210 438223230 438923237 439623252 439623266 440623276 440723285 4403
23298 440323309 440923327 440423353 440423376 442323383 441923397 441923408 4409
23452 441023472 441020116 284120131 285120143 285720173 287320198 288220252 2882
20285 288920335 290820362 292820371 293620414 298020463 304420489 308320506 3103
20536 313020553 314120564 315020581 316020599 316820623 318020655 319120689 3198
20707 320520716 321520722 322820724 324020723 326120720 327420709 329020686 3316
20677 332620667 333420659 334420655 335120657 336520659 337120675 338320693 3392
20706 339820730 340920785 343320816 344520828 345320839 345920869 347620885 3488
20896 349620908 350220973 355020996 358321006 360821005 364121000 366020987 3691
20978 370320965 371620903 374020843 375320831 375720812 376220799 376920768 3794
20762 380520759 381220761 383820765 385120769 386420841 402120857 403420887 4060
20898 406720910 407620932 408920955 410320967 411121079 419421091 420321108 4214
21127 422021159 422721176 423821204 426821236 431021248 433421264 435721273 4366
21284 437221292 437321331 436321350 435521357 435521369 435019966 284119981 2851
19993 285720023 287320048 288220102 288220135 288920185 290820112 292820121 2936
20264 298020213 304420339 308320356 310320386 313020400 314120410 315020431 3160
20449 316820473 318020525 319120539 319820550 320520516 321520571 322820574 3240
20573 326120570 327420500 329020436 331620477 332620417 333420500 334420505 3351
20500 336520509 337120525 338320543 339220556 339820580 340920635 343320666 3445
20678 345320689 345920719 347620735 348820746 349620758 350220823 355020846 3583
20906 360820905 364120900 366020887 369120878 370320865 371620803 374020743 3753
20781 375720762 376220749 376920768 379419428 973319523 959419590 951919634 9435
19710 934819747 930819872 918619978 909720051 903920113 896920159 886520191 8769
20213 870020232 864220323 859120403 852320481 840620522 834420583 825520680 8189
20749 808220816 797420944 779022943 591522836 587022743 582122543 580822412 5810
22328 581522151 582022042 586921932 586021820 592921670 594121559 595621439 5993
21384 600121150 620022079 722522400 730022800 737523002 744023400 740023450 7480
16553 869216554 867816552 861216568 855916569 854516586 845316594 842716600 8402
16609 839016617 838016627 837116640 835616678 831916700 830816705 829916716 8240
16722 822116726 820816732 818916733 817516739 816116757 814416758 811416762 8087
16791 804416794 803216800 802016805 801616824 800816833 799616835 797616833 7943
16828 793716816 793116810 791716818 789716823 789416829 788116824 786016821 7855
16818 782916820 782116832 781216864 780516869 780116896 776216907 775416911 7745
16911 774116920 773416935 772816943 771716948 770516952 769216958 768116963 7675
16972 765016980 764716994 763417000 762117008 760317020 759017027 758717046 7588
17053 759117114 758917124 759717129 760317134 761117145 761417157 761017180 7596
17207 758917213 758617235 755217239 754617244 754217270 753517282 752717285 7521
17291 749117299 749017311 749217320 749817329 750217341 749917352 749117372 7472
17386 746817392 746517407 745117420 744717426 744417439 742817445 741617461 7404
17481 740217500 739517514 739417520 739417540 740317552 740217564 739417589 7370
17605 736017643 734517656 734917683 736817694 736817703 736017709 734117711 7327
17704 730717703 728017698 726717687 724417679 723217675 722017673 720617674 7199
17689 717617720 715117731 713417737 710917744 709817762 708717774 707117779 7067
17787 706417827 707117862 705917864 705517871 705117878 704117885 702017894 7010
17899 700617908 700617923 700917929 700217936 699817943 698217945 697617960 6963
17972 695617996 694318001 694018011 693018026 689318041 686318060 684318062 6829
18053 679018056 678218076 676418096 674718104 672918122 667918123 667218122 6665
18134 657118128 655018119 652618117 651218119 649218116 647118119 646518128 6454
18135 645318140 644918148 644818168 643118171 642518181 641918185 640718187 6401
18187 639518193 637518196 634918195 631618187 626918191 625618194 624918239 6219
18256 620918276 619518281 618418282 617118282 612418288 609118302 606818319 6057
18350 604418369 604218382 603818414 6026

