
 32    1
1999-07-06_16Z, ATC DCP 1,    i,j=(25.0,22.0),lat,long=(39.470, -76.070)
 SFALT,   SFPRES
    0   1013.1
  LINE  AGL(m)     T(C)    RH(%)   WSPD(m/s)  WDD    P(mb)
    1      2.0    31.03    55.22     6.50    77.86  1012.89
    2     30.6    31.94    52.25     7.78    78.97  1009.61
    3     94.3    31.72    50.48     8.30    82.42  1002.44
    4    166.9    31.12    51.57     8.18    85.11   994.32
    5    249.8    30.50    52.56     7.90    88.48   985.11
    6    344.2    29.77    53.96     7.53    92.70   974.69
    7    452.0    28.95    55.53     7.03    98.24   962.92
    8    574.8    27.97    57.63     6.51   105.42   949.63
    9    714.9    26.80    60.30     6.03   114.02   934.65
   10    874.6    25.44    63.71     5.64   124.57   917.77
   11   1056.8    23.85    68.00     5.51   137.20   898.81
   12   1264.5    22.03    73.26     5.85   150.09   877.55
   13   1501.4    19.93    79.93     6.67   160.40   853.75
   14   1771.6    17.54    88.10     7.80   168.49   827.20
   15   2079.8    15.31    89.41    10.06   173.48   797.70
   16   2431.8    14.75    59.49    14.51   171.55   765.12
   17   2834.3    14.15    34.55    16.96   167.44   729.44
   18   3293.7    12.02    29.78    16.18   164.67   690.56
   19   3817.5     8.20    34.30    14.48   164.40   648.33
   20   4414.7     3.56    36.91    11.34   159.05   602.66
   21   5096.0    -1.13    27.49    11.40   154.07   553.69
   22   5872.8    -6.41    22.29    10.70   152.80   501.79
   23   6758.4   -12.70    23.11    10.18   147.47   447.43
   24   7768.0   -20.05    25.05    11.45   145.00   391.25
   25   8918.6   -27.32    22.53    13.15   130.59   334.26
   26  10229.9   -35.72    20.35    14.99   127.38   277.75
   27  11593.0   -44.27    14.05    18.80   105.90   227.51
   28  12907.9   -54.45     4.42    15.69    91.29   186.17
   29  14222.5   -63.54    39.96    12.70   111.98   150.99
   30  15535.6   -68.41    57.07     7.72   112.55   121.62
   31  16848.2   -71.17    57.43     7.78    62.90    97.57
   32  18159.8   -67.16    48.00    13.98    40.34    78.35

