  18                 39.515   39.431  -76.132  -76.222   39.509  -76.132
   39.515  -76.143   39.508  -76.151   39.499  -76.167   39.493  -76.174
   39.482  -76.182   39.472  -76.197   39.457  -76.207   39.431  -76.222
  16                 39.482   39.474  -76.069  -76.087   39.482  -76.087
   39.480  -76.083   39.478  -76.082   39.477  -76.080   39.478  -76.076
   39.479  -76.073   39.476  -76.070   39.474  -76.069
  10                 39.395   39.392  -76.323  -76.337   39.393  -76.337
   39.393  -76.336   39.392  -76.332   39.395  -76.328   39.394  -76.323
   4                 39.394   39.359  -76.323  -76.343   39.394  -76.323
   39.359  -76.343
   4                 39.359   39.344  -76.343  -76.350   39.359  -76.343
   39.344  -76.350
   4                 39.344   39.331  -76.350  -76.357   39.344  -76.350
   39.331  -76.357
   4                 39.331   39.325  -76.357  -76.361   39.331  -76.357
   39.325  -76.361
  18                 39.474   39.273  -76.051  -76.364   39.325  -76.361
   39.320  -76.364   39.300  -76.345   39.273  -76.271   39.377  -76.161
   39.448  -76.051   39.464  -76.057   39.470  -76.061   39.474  -76.069
  10                 39.438   39.419  -76.251  -76.254   39.419  -76.254
   39.423  -76.252   39.430  -76.251   39.435  -76.252   39.438  -76.252
   4                 39.483   39.482  -76.087  -76.106   39.482  -76.087
   39.483  -76.106
   4                 39.438   39.418  -76.252  -76.286   39.438  -76.252
   39.418  -76.286
   6                 39.418   39.393  -76.286  -76.337   39.418  -76.286
   39.400  -76.316   39.393  -76.337
   4                 39.431   39.419  -76.222  -76.254   39.431  -76.222
   39.419  -76.254
  28                 39.509   39.483  -76.106  -76.133   39.483  -76.106
   39.488  -76.108   39.490  -76.111   39.489  -76.115   39.487  -76.115
   39.483  -76.118   39.486  -76.120   39.489  -76.123   39.491  -76.127
   39.492  -76.128   39.494  -76.131   39.499  -76.133   39.506  -76.133
   39.509  -76.132
