3398                 64.249   63.674 -147.051 -145.418   64.151 -146.771
   64.151 -146.770   64.151 -146.769   64.152 -146.769   64.152 -146.768
   64.152 -146.768   64.153 -146.768   64.153 -146.768   64.154 -146.768
   64.154 -146.768   64.154 -146.768   64.155 -146.768   64.155 -146.768
   64.156 -146.768   64.156 -146.768   64.156 -146.767   64.157 -146.766
   64.157 -146.766   64.157 -146.765   64.158 -146.765   64.158 -146.764
   64.159 -146.764   64.159 -146.763   64.159 -146.763   64.160 -146.762
   64.160 -146.762   64.160 -146.761   64.161 -146.760   64.161 -146.760
   64.162 -146.759   64.162 -146.758   64.162 -146.757   64.163 -146.757
   64.163 -146.757   64.163 -146.757   64.164 -146.756   64.164 -146.756
   64.164 -146.755   64.165 -146.754   64.165 -146.753   64.165 -146.753
   64.165 -146.752   64.166 -146.751   64.166 -146.751   64.166 -146.751
   64.167 -146.751   64.167 -146.751   64.168 -146.751   64.168 -146.752
   64.169 -146.752   64.169 -146.752   64.169 -146.752   64.170 -146.751
   64.171 -146.748   64.171 -146.748   64.172 -146.747   64.172 -146.747
   64.173 -146.746   64.173 -146.746   64.173 -146.745   64.174 -146.745
   64.174 -146.744   64.175 -146.744   64.175 -146.745   64.175 -146.745
   64.176 -146.745   64.176 -146.746   64.176 -146.745   64.177 -146.745
   64.177 -146.745   64.178 -146.745   64.178 -146.745   64.178 -146.746
   64.179 -146.746   64.179 -146.746   64.180 -146.747   64.180 -146.746
   64.184 -146.744   64.184 -146.744   64.185 -146.744   64.185 -146.744
   64.186 -146.744   64.186 -146.744   64.187 -146.744   64.187 -146.745
   64.187 -146.745   64.188 -146.745   64.188 -146.745   64.188 -146.744
   64.189 -146.744   64.189 -146.744   64.190 -146.744   64.190 -146.743
   64.190 -146.743   64.191 -146.742   64.191 -146.742   64.191 -146.742
   64.192 -146.742   64.192 -146.742   64.195 -146.743   64.195 -146.743
   64.196 -146.742   64.196 -146.742   64.196 -146.742   64.197 -146.741
   64.197 -146.741   64.198 -146.740   64.198 -146.740   64.198 -146.740
   64.203 -146.738   64.203 -146.737   64.204 -146.737   64.204 -146.737
   64.204 -146.737   64.205 -146.737   64.205 -146.737   64.206 -146.737
   64.206 -146.737   64.207 -146.737   64.207 -146.737   64.207 -146.737
   64.208 -146.737   64.208 -146.736   64.209 -146.736   64.209 -146.736
   64.209 -146.736   64.210 -146.735   64.210 -146.736   64.210 -146.736
   64.211 -146.736   64.211 -146.736   64.212 -146.737   64.212 -146.737
   64.212 -146.737   64.213 -146.737   64.213 -146.737   64.214 -146.737
   64.214 -146.738   64.214 -146.738   64.215 -146.739   64.215 -146.738
   64.215 -146.738   64.216 -146.737   64.216 -146.737   64.216 -146.737
   64.217 -146.736   64.217 -146.736   64.218 -146.737   64.218 -146.737
   64.218 -146.737   64.219 -146.737   64.219 -146.737   64.220 -146.737
   64.220 -146.737   64.220 -146.738   64.221 -146.738   64.221 -146.739
   64.221 -146.740   64.222 -146.740   64.222 -146.741   64.222 -146.741
   64.223 -146.742   64.223 -146.743   64.223 -146.743   64.224 -146.743
   64.224 -146.743   64.224 -146.743   64.225 -146.743   64.225 -146.743
   64.226 -146.743   64.226 -146.743   64.227 -146.743   64.227 -146.743
   64.227 -146.743   64.228 -146.742   64.228 -146.742   64.228 -146.741
   64.229 -146.740   64.229 -146.739   64.229 -146.739   64.229 -146.738
   64.230 -146.738   64.230 -146.738   64.231 -146.738   64.231 -146.738
   64.231 -146.739   64.232 -146.739   64.232 -146.738   64.233 -146.738
   64.233 -146.737   64.233 -146.737   64.234 -146.736   64.234 -146.735
   64.234 -146.734   64.237 -146.730   64.237 -146.730   64.238 -146.729
   64.238 -146.728   64.238 -146.727   64.239 -146.727   64.239 -146.727
   64.239 -146.727   64.245 -146.722   64.245 -146.722   64.246 -146.721
   64.246 -146.720   64.246 -146.720   64.247 -146.719   64.247 -146.719
   64.247 -146.719   64.248 -146.718   64.248 -146.717   64.248 -146.716
   64.248 -146.715   64.248 -146.715   64.249 -146.714   64.181 -146.514
   64.094 -146.252   64.077 -146.201   64.021 -146.031   63.982 -145.918
   63.995 -145.868   64.025 -145.745   64.025 -145.687   64.020 -145.670
   64.016 -145.659   63.998 -145.660   63.998 -145.619   63.984 -145.619
   63.984 -145.585   63.969 -145.585   63.969 -145.519   63.955 -145.518
   63.955 -145.485   63.948 -145.484   63.931 -145.418   63.930 -145.419
   63.930 -145.420   63.930 -145.420   63.929 -145.421   63.928 -145.423
   63.928 -145.424   63.927 -145.426   63.927 -145.426   63.926 -145.427
   63.926 -145.428   63.925 -145.429   63.924 -145.430   63.924 -145.431
   63.924 -145.432   63.923 -145.433   63.923 -145.433   63.923 -145.434
   63.923 -145.436   63.923 -145.437   63.922 -145.438   63.922 -145.438
   63.922 -145.438   63.921 -145.438   63.921 -145.439   63.920 -145.440
   63.920 -145.441   63.919 -145.442   63.919 -145.442   63.919 -145.443
   63.918 -145.443   63.918 -145.444   63.917 -145.444   63.917 -145.445
   63.916 -145.446   63.916 -145.447   63.916 -145.448   63.915 -145.448
   63.914 -145.449   63.914 -145.449   63.913 -145.449   63.913 -145.448
   63.912 -145.448   63.911 -145.448   63.911 -145.449   63.910 -145.450
   63.910 -145.452   63.909 -145.453   63.909 -145.454   63.909 -145.456
   63.908 -145.458   63.907 -145.459   63.907 -145.460   63.907 -145.461
   63.907 -145.462   63.906 -145.463   63.906 -145.464   63.906 -145.465
   63.906 -145.466   63.905 -145.467   63.905 -145.468   63.905 -145.469
   63.904 -145.470   63.903 -145.471   63.903 -145.472   63.902 -145.473
   63.902 -145.474   63.901 -145.475   63.901 -145.476   63.900 -145.477
   63.900 -145.479   63.899 -145.480   63.898 -145.482   63.898 -145.484
   63.897 -145.486   63.897 -145.488   63.896 -145.491   63.896 -145.492
   63.896 -145.494   63.895 -145.496   63.895 -145.497   63.894 -145.498
   63.894 -145.499   63.893 -145.501   63.893 -145.501   63.893 -145.503
   63.893 -145.504   63.892 -145.505   63.892 -145.505   63.891 -145.506
   63.890 -145.507   63.890 -145.508   63.889 -145.510   63.889 -145.511
   63.889 -145.511   63.888 -145.512   63.887 -145.512   63.886 -145.513
   63.886 -145.514   63.885 -145.516   63.885 -145.517   63.885 -145.518
   63.884 -145.518   63.883 -145.519   63.883 -145.520   63.882 -145.521
   63.882 -145.522   63.882 -145.523   63.881 -145.524   63.881 -145.525
   63.880 -145.527   63.879 -145.528   63.879 -145.529   63.879 -145.529
   63.878 -145.530   63.878 -145.531   63.877 -145.532   63.877 -145.532
   63.876 -145.532   63.876 -145.533   63.876 -145.534   63.876 -145.535
   63.876 -145.536   63.876 -145.536   63.876 -145.536   63.875 -145.536
   63.875 -145.537   63.874 -145.537   63.874 -145.537   63.873 -145.537
   63.873 -145.537   63.872 -145.537   63.872 -145.536   63.872 -145.536
   63.871 -145.536   63.871 -145.537   63.870 -145.538   63.870 -145.538
   63.869 -145.539   63.869 -145.539   63.869 -145.540   63.868 -145.541
   63.868 -145.542   63.867 -145.542   63.867 -145.541   63.866 -145.542
   63.866 -145.542   63.865 -145.543   63.865 -145.544   63.864 -145.545
   63.864 -145.545   63.863 -145.546   63.863 -145.547   63.862 -145.548
   63.862 -145.548   63.862 -145.549   63.861 -145.549   63.861 -145.548
   63.860 -145.548   63.860 -145.548   63.859 -145.548   63.859 -145.547
   63.859 -145.547   63.858 -145.547   63.858 -145.548   63.858 -145.549
   63.858 -145.550   63.858 -145.551   63.857 -145.552   63.857 -145.552
   63.856 -145.552   63.856 -145.552   63.855 -145.552   63.855 -145.551
   63.854 -145.551   63.854 -145.551   63.853 -145.550   63.852 -145.550
   63.852 -145.550   63.851 -145.551   63.851 -145.551   63.850 -145.551
   63.850 -145.550   63.849 -145.550   63.849 -145.549   63.848 -145.550
   63.848 -145.550   63.847 -145.550   63.847 -145.550   63.846 -145.550
   63.846 -145.551   63.845 -145.552   63.845 -145.552   63.844 -145.553
   63.844 -145.554   63.844 -145.554   63.843 -145.555   63.843 -145.556
   63.843 -145.557   63.842 -145.558   63.842 -145.559   63.842 -145.560
   63.842 -145.561   63.841 -145.561   63.841 -145.561   63.840 -145.560
   63.840 -145.561   63.839 -145.561   63.839 -145.562   63.839 -145.564
   63.839 -145.565   63.838 -145.564   63.838 -145.564   63.837 -145.563
   63.837 -145.563   63.836 -145.563   63.835 -145.565   63.835 -145.565
   63.834 -145.565   63.834 -145.568   63.834 -145.570   63.834 -145.571
   63.834 -145.572   63.833 -145.572   63.833 -145.572   63.832 -145.571
   63.832 -145.570   63.831 -145.571   63.830 -145.572   63.830 -145.573
   63.829 -145.574   63.829 -145.575   63.828 -145.576   63.828 -145.577
   63.827 -145.577   63.826 -145.578   63.826 -145.580   63.826 -145.581
   63.826 -145.582   63.825 -145.584   63.824 -145.584   63.824 -145.584
   63.823 -145.584   63.822 -145.584   63.822 -145.585   63.821 -145.586
   63.821 -145.587   63.820 -145.588   63.819 -145.588   63.819 -145.588
   63.818 -145.588   63.818 -145.587   63.817 -145.587   63.815 -145.587
   63.815 -145.586   63.815 -145.584   63.815 -145.582   63.815 -145.580
   63.814 -145.579   63.814 -145.580   63.813 -145.580   63.813 -145.581
   63.812 -145.582   63.812 -145.583   63.811 -145.582   63.811 -145.582
   63.810 -145.582   63.809 -145.582   63.809 -145.581   63.808 -145.581
   63.808 -145.582   63.808 -145.583   63.807 -145.585   63.807 -145.587
   63.806 -145.587   63.806 -145.587   63.805 -145.587   63.804 -145.586
   63.804 -145.586   63.803 -145.585   63.802 -145.584   63.801 -145.584
   63.801 -145.584   63.800 -145.585   63.799 -145.585   63.798 -145.585
   63.797 -145.585   63.797 -145.585   63.796 -145.586   63.795 -145.587
   63.794 -145.588   63.793 -145.589   63.793 -145.590   63.792 -145.591
   63.791 -145.592   63.790 -145.596   63.789 -145.597   63.789 -145.598
   63.788 -145.599   63.786 -145.601   63.786 -145.602   63.785 -145.603
   63.785 -145.604   63.784 -145.606   63.783 -145.608   63.783 -145.610
   63.782 -145.612   63.782 -145.615   63.782 -145.618   63.782 -145.619
   63.783 -145.754   63.793 -145.751   63.793 -145.769   63.791 -145.769
   63.791 -145.770   63.788 -145.770   63.788 -145.771   63.787 -145.771
   63.784 -145.772   63.784 -145.772   63.783 -145.773   63.781 -145.774
   63.780 -145.775   63.780 -145.775   63.777 -145.778   63.777 -145.778
   63.776 -145.779   63.774 -145.782   63.773 -145.782   63.773 -145.783
   63.772 -145.785   63.771 -145.787   63.771 -145.788   63.770 -145.789
   63.769 -145.795   63.769 -145.796   63.769 -145.797   63.769 -145.800
   63.769 -145.803   63.769 -145.804   63.769 -145.806   63.768 -145.809
   63.768 -145.812   63.768 -145.813   63.767 -145.814   63.766 -145.816
   63.766 -145.819   63.765 -145.820   63.765 -145.820   63.762 -145.826
   63.759 -145.832   63.757 -145.836   63.756 -145.837   63.755 -145.839
   63.754 -145.843   63.754 -145.844   63.749 -145.856   63.748 -145.860
   63.747 -145.862   63.747 -145.863   63.746 -145.865   63.745 -145.867
   63.745 -145.868   63.744 -145.869   63.743 -145.871   63.742 -145.872
   63.742 -145.872   63.741 -145.873   63.739 -145.875   63.738 -145.875
   63.737 -145.876   63.735 -145.877   63.734 -145.877   63.734 -145.878
   63.732 -145.878   63.731 -145.879   63.730 -145.879   63.730 -145.880
   63.728 -145.880   63.727 -145.881   63.727 -145.881   63.726 -145.882
   63.725 -145.882   63.724 -145.883   63.724 -145.883   63.723 -145.883
   63.722 -145.883   63.721 -145.883   63.720 -145.883   63.719 -145.883
   63.719 -145.883   63.718 -145.883   63.717 -145.883   63.716 -145.884
   63.715 -145.884   63.714 -145.884   63.714 -145.885   63.713 -145.886
   63.712 -145.887   63.712 -145.888   63.711 -145.889   63.711 -145.890
   63.711 -145.891   63.710 -145.892   63.710 -145.893   63.709 -145.894
   63.709 -145.895   63.708 -145.896   63.707 -145.897   63.707 -145.898
   63.706 -145.899   63.705 -145.899   63.705 -145.900   63.704 -145.900
   63.703 -145.901   63.702 -145.901   63.702 -145.901   63.701 -145.901
   63.700 -145.901   63.699 -145.901   63.698 -145.902   63.698 -145.902
   63.697 -145.904   63.697 -145.905   63.696 -145.906   63.696 -145.908
   63.695 -145.909   63.694 -145.910   63.694 -145.910   63.693 -145.910
   63.692 -145.910   63.691 -145.909   63.691 -145.909   63.690 -145.909
   63.689 -145.909   63.688 -145.908   63.687 -145.908   63.687 -145.908
   63.686 -145.908   63.685 -145.907   63.684 -145.907   63.684 -145.907
   63.683 -145.906   63.682 -145.906   63.682 -145.906   63.681 -145.905
   63.680 -145.904   63.679 -145.903   63.679 -145.903   63.678 -145.903
   63.677 -145.903   63.676 -145.902   63.676 -145.902   63.674 -145.902
   63.689 -146.045   63.713 -146.256   63.744 -146.530   63.797 -146.995
   63.804 -147.045   63.804 -147.045   63.805 -147.045   63.805 -147.045
   63.805 -147.046   63.806 -147.046   63.806 -147.046   63.806 -147.046
   63.807 -147.046   63.807 -147.046   63.807 -147.047   63.808 -147.047
   63.808 -147.047   63.809 -147.047   63.809 -147.047   63.809 -147.047
   63.810 -147.048   63.810 -147.048   63.810 -147.048   63.811 -147.048
   63.811 -147.048   63.811 -147.049   63.812 -147.049   63.812 -147.049
   63.813 -147.049   63.813 -147.049   63.813 -147.050   63.814 -147.050
   63.814 -147.049   63.814 -147.049   63.815 -147.049   63.815 -147.049
   63.816 -147.049   63.816 -147.049   63.816 -147.049   63.817 -147.049
   63.817 -147.049   63.817 -147.049   63.818 -147.049   63.818 -147.049
   63.819 -147.049   63.819 -147.049   63.819 -147.049   63.820 -147.049
   63.820 -147.049   63.820 -147.048   63.821 -147.048   63.821 -147.048
   63.824 -147.048   63.825 -147.048   63.825 -147.049   63.825 -147.049
   63.826 -147.049   63.826 -147.049   63.826 -147.049   63.827 -147.049
   63.827 -147.049   63.828 -147.049   63.828 -147.049   63.828 -147.049
   63.829 -147.049   63.829 -147.050   63.830 -147.050   63.830 -147.051
   63.831 -147.051   63.833 -147.049   63.834 -147.048   63.834 -147.048
   63.834 -147.047   63.835 -147.047   63.835 -147.047   63.836 -147.047
   63.836 -147.046   63.836 -147.046   63.836 -147.045   63.837 -147.045
   63.837 -147.044   63.837 -147.044   63.838 -147.043   63.838 -147.042
   63.838 -147.042   63.839 -147.042   63.839 -147.041   63.839 -147.040
   63.840 -147.039   63.840 -147.038   63.840 -147.038   63.841 -147.037
   63.841 -147.037   63.841 -147.037   63.842 -147.036   63.842 -147.036
   63.843 -147.035   63.843 -147.035   63.843 -147.035   63.844 -147.034
   63.844 -147.034   63.845 -147.033   63.845 -147.033   63.845 -147.032
   63.846 -147.032   63.846 -147.031   63.846 -147.031   63.846 -147.030
   63.847 -147.029   63.847 -147.029   63.847 -147.028   63.848 -147.028
   63.848 -147.027   63.848 -147.026   63.848 -147.025   63.849 -147.024
   63.849 -147.024   63.849 -147.023   63.849 -147.023   63.850 -147.023
   63.850 -147.022   63.851 -147.022   63.851 -147.021   63.851 -147.020
   63.852 -147.019   63.852 -147.019   63.852 -147.018   63.853 -147.018
   63.853 -147.017   63.853 -147.017   63.854 -147.017   63.854 -147.016
   63.854 -147.015   63.855 -147.014   63.855 -147.013   63.855 -147.012
   63.855 -147.012   63.856 -147.012   63.856 -147.011   63.856 -147.010
   63.857 -147.010   63.857 -147.010   63.858 -147.010   63.858 -147.009
   63.858 -147.008   63.859 -147.008   63.859 -147.008   63.859 -147.008
   63.860 -147.007   63.860 -147.007   63.860 -147.006   63.860 -147.005
   63.859 -147.004   63.859 -147.004   63.859 -147.003   63.859 -147.002
   63.859 -147.001   63.859 -147.000   63.859 -146.999   63.860 -146.998
   63.860 -146.998   63.860 -146.997   63.861 -146.997   63.861 -146.997
   63.861 -146.997   63.862 -146.997   63.862 -146.997   63.863 -146.997
   63.863 -146.997   63.868 -146.996   63.868 -146.995   63.868 -146.995
   63.869 -146.994   63.869 -146.994   63.869 -146.993   63.869 -146.992
   63.870 -146.991   63.870 -146.990   63.870 -146.990   63.870 -146.989
   63.871 -146.988   63.871 -146.987   63.871 -146.987   63.871 -146.986
   63.872 -146.985   63.872 -146.984   63.872 -146.984   63.872 -146.983
   63.873 -146.982   63.873 -146.982   63.873 -146.981   63.873 -146.980
   63.873 -146.980   63.874 -146.979   63.874 -146.979   63.874 -146.978
   63.875 -146.977   63.875 -146.976   63.875 -146.976   63.875 -146.975
   63.875 -146.974   63.876 -146.974   63.876 -146.973   63.876 -146.972
   63.877 -146.972   63.877 -146.971   63.877 -146.971   63.878 -146.970
   63.878 -146.970   63.878 -146.969   63.878 -146.968   63.879 -146.968
   63.879 -146.968   63.879 -146.968   63.880 -146.967   63.880 -146.966
   63.880 -146.966   63.881 -146.965   63.881 -146.965   63.881 -146.964
   63.881 -146.963   63.881 -146.962   63.882 -146.962   63.882 -146.961
   63.883 -146.961   63.883 -146.961   63.883 -146.960   63.884 -146.959
   63.884 -146.959   63.884 -146.958   63.884 -146.957   63.884 -146.956
   63.884 -146.955   63.885 -146.955   63.885 -146.954   63.885 -146.954
   63.886 -146.954   63.886 -146.954   63.886 -146.955   63.886 -146.956
   63.887 -146.956   63.887 -146.955   63.886 -146.955   63.887 -146.954
   63.887 -146.953   63.887 -146.953   63.888 -146.953   63.888 -146.952
   63.888 -146.952   63.889 -146.952   63.889 -146.952   63.890 -146.952
   63.890 -146.952   63.890 -146.952   63.891 -146.952   63.891 -146.952
   63.891 -146.951   63.892 -146.950   63.892 -146.950   63.892 -146.949
   63.893 -146.949   63.893 -146.950   63.893 -146.950   63.893 -146.951
   63.893 -146.951   63.894 -146.950   63.894 -146.950   63.894 -146.949
   63.894 -146.949   63.895 -146.948   63.895 -146.948   63.895 -146.948
   63.896 -146.948   63.896 -146.949   63.896 -146.950   63.896 -146.951
   63.897 -146.951   63.897 -146.951   63.897 -146.950   63.897 -146.949
   63.897 -146.949   63.896 -146.949   63.896 -146.948   63.896 -146.948
   63.896 -146.947   63.895 -146.946   63.896 -146.945   63.896 -146.945
   63.896 -146.944   63.896 -146.944   63.897 -146.944   63.897 -146.943
   63.897 -146.942   63.897 -146.941   63.897 -146.940   63.897 -146.940
   63.896 -146.940   63.896 -146.939   63.896 -146.938   63.896 -146.937
   63.896 -146.936   63.896 -146.935   63.897 -146.935   63.897 -146.934
   63.897 -146.933   63.897 -146.933   63.898 -146.933   63.898 -146.933
   63.898 -146.933   63.899 -146.934   63.899 -146.933   63.899 -146.932
   63.899 -146.931   63.899 -146.931   63.899 -146.931   63.900 -146.931
   63.900 -146.931   63.901 -146.931   63.901 -146.932   63.901 -146.933
   63.901 -146.934   63.901 -146.933   63.901 -146.932   63.901 -146.932
   63.902 -146.931   63.902 -146.931   63.902 -146.931   63.903 -146.931
   63.903 -146.930   63.903 -146.930   63.904 -146.931   63.904 -146.931
   63.904 -146.931   63.904 -146.930   63.905 -146.929   63.905 -146.928
   63.904 -146.928   63.904 -146.927   63.904 -146.926   63.905 -146.925
   63.905 -146.925   63.905 -146.924   63.906 -146.924   63.906 -146.923
   63.906 -146.923   63.907 -146.922   63.907 -146.922   63.907 -146.922
   63.907 -146.923   63.908 -146.923   63.908 -146.924   63.908 -146.924
   63.909 -146.924   63.909 -146.925   63.909 -146.926   63.909 -146.926
   63.910 -146.926   63.910 -146.925   63.910 -146.925   63.911 -146.924
   63.911 -146.924   63.911 -146.924   63.912 -146.923   63.912 -146.923
   63.912 -146.922   63.913 -146.922   63.913 -146.923   63.913 -146.923
   63.914 -146.924   63.914 -146.924   63.914 -146.925   63.915 -146.925
   63.915 -146.924   63.915 -146.924   63.916 -146.924   63.916 -146.924
   63.917 -146.925   63.917 -146.925   63.917 -146.926   63.918 -146.925
   63.918 -146.925   63.918 -146.925   63.919 -146.926   63.919 -146.927
   63.919 -146.928   63.919 -146.929   63.919 -146.929   63.919 -146.930
   63.920 -146.929   63.920 -146.928   63.919 -146.928   63.919 -146.927
   63.919 -146.926   63.920 -146.926   63.920 -146.925   63.921 -146.926
   63.921 -146.926   63.921 -146.926   63.922 -146.926   63.922 -146.926
   63.923 -146.926   63.923 -146.926   63.923 -146.927   63.924 -146.927
   63.924 -146.926   63.924 -146.926   63.925 -146.926   63.925 -146.926
   63.925 -146.927   63.925 -146.928   63.925 -146.929   63.926 -146.929
   63.926 -146.929   63.927 -146.929   63.927 -146.929   63.927 -146.929
   63.928 -146.929   63.928 -146.930   63.928 -146.930   63.928 -146.931
   63.928 -146.931   63.929 -146.931   63.929 -146.931   63.930 -146.931
   63.930 -146.931   63.930 -146.930   63.930 -146.929   63.930 -146.928
   63.930 -146.928   63.930 -146.928   63.931 -146.927   63.931 -146.927
   63.931 -146.926   63.932 -146.926   63.932 -146.925   63.933 -146.925
   63.933 -146.924   63.933 -146.924   63.934 -146.924   63.934 -146.924
   63.934 -146.924   63.935 -146.924   63.935 -146.924   63.935 -146.925
   63.936 -146.925   63.936 -146.925   63.936 -146.925   63.937 -146.925
   63.937 -146.925   63.937 -146.926   63.937 -146.927   63.938 -146.927
   63.938 -146.927   63.939 -146.925   63.939 -146.925   63.939 -146.925
   63.940 -146.925   63.940 -146.925   63.940 -146.926   63.941 -146.926
   63.941 -146.926   63.941 -146.926   63.942 -146.926   63.942 -146.926
   63.942 -146.927   63.942 -146.928   63.943 -146.929   63.943 -146.930
   63.943 -146.930   63.943 -146.931   63.943 -146.931   63.943 -146.930
   63.944 -146.929   63.944 -146.929   63.944 -146.929   63.945 -146.929
   63.945 -146.929   63.945 -146.929   63.946 -146.929   63.946 -146.930
   63.946 -146.930   63.947 -146.931   63.947 -146.931   63.948 -146.931
   63.948 -146.930   63.949 -146.930   63.949 -146.930   63.949 -146.930
   63.950 -146.929   63.950 -146.929   63.951 -146.929   63.951 -146.929
   63.951 -146.929   63.952 -146.929   63.952 -146.929   63.953 -146.929
   63.953 -146.929   63.954 -146.929   63.954 -146.929   63.954 -146.929
   63.955 -146.928   63.955 -146.928   63.956 -146.928   63.956 -146.928
   63.956 -146.929   63.957 -146.929   63.957 -146.929   63.958 -146.928
   63.958 -146.928   63.958 -146.928   63.959 -146.928   63.959 -146.927
   63.960 -146.927   63.960 -146.927   63.960 -146.927   63.961 -146.926
   63.961 -146.926   63.962 -146.926   63.962 -146.925   63.962 -146.925
   63.963 -146.924   63.963 -146.924   63.963 -146.923   63.964 -146.923
   63.964 -146.922   63.965 -146.922   63.965 -146.922   63.965 -146.922
   63.966 -146.922   63.966 -146.922   63.967 -146.922   63.967 -146.922
   63.968 -146.921   63.968 -146.921   63.968 -146.920   63.969 -146.920
   63.969 -146.919   63.969 -146.919   63.970 -146.918   63.970 -146.918
   63.970 -146.917   63.971 -146.917   63.971 -146.916   63.971 -146.916
   63.972 -146.915   63.972 -146.915   63.973 -146.915   63.973 -146.915
   63.973 -146.915   63.974 -146.914   63.974 -146.914   63.975 -146.913
   63.975 -146.913   63.975 -146.913   63.976 -146.913   63.976 -146.913
   63.977 -146.912   63.977 -146.912   63.977 -146.911   63.978 -146.911
   63.978 -146.910   63.978 -146.909   63.979 -146.909   63.979 -146.908
   63.979 -146.908   63.979 -146.907   63.980 -146.906   63.980 -146.906
   63.980 -146.905   63.980 -146.904   63.981 -146.904   63.981 -146.903
   63.981 -146.902   63.981 -146.901   63.982 -146.899   63.985 -146.894
   63.985 -146.893   63.985 -146.892   63.985 -146.891   63.986 -146.890
   63.986 -146.889   63.986 -146.888   63.986 -146.888   63.986 -146.887
   63.986 -146.886   63.986 -146.885   63.987 -146.884   63.987 -146.883
   63.987 -146.882   63.987 -146.881   63.987 -146.880   63.987 -146.880
   63.987 -146.878   63.988 -146.877   63.988 -146.877   63.988 -146.876
   63.989 -146.876   63.989 -146.875   63.989 -146.874   63.990 -146.874
   63.990 -146.873   63.990 -146.873   63.991 -146.872   63.991 -146.872
   63.992 -146.871   63.992 -146.871   63.993 -146.871   63.993 -146.871
   63.993 -146.870   63.994 -146.870   63.994 -146.869   63.994 -146.868
   63.994 -146.867   63.995 -146.867   63.995 -146.867   63.995 -146.866
   63.996 -146.865   63.996 -146.865   63.996 -146.864   63.997 -146.864
   63.997 -146.864   63.997 -146.863   63.998 -146.862   63.998 -146.861
   63.998 -146.860   63.998 -146.859   63.998 -146.858   63.998 -146.858
   63.998 -146.858   63.999 -146.858   64.002 -146.850   64.004 -146.846
   64.004 -146.845   64.004 -146.844   64.005 -146.843   64.005 -146.843
   64.005 -146.842   64.006 -146.841   64.006 -146.841   64.006 -146.840
   64.007 -146.840   64.007 -146.839   64.008 -146.839   64.008 -146.839
   64.008 -146.839   64.009 -146.838   64.009 -146.837   64.009 -146.837
   64.009 -146.836   64.010 -146.835   64.010 -146.835   64.010 -146.835
   64.011 -146.834   64.011 -146.834   64.012 -146.834   64.012 -146.833
   64.013 -146.833   64.013 -146.832   64.013 -146.832   64.014 -146.831
   64.014 -146.830   64.014 -146.829   64.014 -146.829   64.015 -146.828
   64.015 -146.827   64.015 -146.827   64.016 -146.827   64.016 -146.827
   64.016 -146.827   64.017 -146.826   64.017 -146.826   64.018 -146.825
   64.018 -146.825   64.018 -146.824   64.019 -146.824   64.019 -146.823
   64.019 -146.822   64.020 -146.822   64.020 -146.821   64.020 -146.820
   64.021 -146.820   64.021 -146.820   64.021 -146.819   64.021 -146.819
   64.022 -146.818   64.022 -146.818   64.023 -146.818   64.023 -146.817
   64.023 -146.817   64.024 -146.817   64.024 -146.816   64.025 -146.816
   64.025 -146.817   64.026 -146.817   64.026 -146.817   64.026 -146.816
   64.027 -146.816   64.027 -146.816   64.028 -146.815   64.028 -146.815
   64.028 -146.815   64.029 -146.815   64.029 -146.815   64.030 -146.815
   64.030 -146.816   64.031 -146.816   64.031 -146.816   64.031 -146.816
   64.032 -146.816   64.032 -146.817   64.033 -146.817   64.033 -146.817
   64.034 -146.818   64.034 -146.817   64.034 -146.817   64.035 -146.816
   64.035 -146.817   64.035 -146.817   64.036 -146.817   64.036 -146.816
   64.037 -146.816   64.037 -146.816   64.037 -146.816   64.038 -146.816
   64.038 -146.817   64.039 -146.817   64.039 -146.817   64.040 -146.817
   64.040 -146.817   64.040 -146.817   64.041 -146.818   64.041 -146.818
   64.041 -146.819   64.042 -146.819   64.042 -146.819   64.042 -146.819
   64.043 -146.819   64.043 -146.819   64.044 -146.820   64.044 -146.820
   64.044 -146.820   64.045 -146.820   64.045 -146.820   64.046 -146.820
   64.046 -146.819   64.047 -146.819   64.047 -146.819   64.047 -146.819
   64.048 -146.819   64.048 -146.819   64.049 -146.819   64.049 -146.819
   64.049 -146.819   64.050 -146.819   64.050 -146.818   64.051 -146.818
   64.051 -146.817   64.051 -146.817   64.052 -146.817   64.052 -146.817
   64.053 -146.817   64.053 -146.817   64.054 -146.818   64.054 -146.818
   64.055 -146.818   64.055 -146.818   64.055 -146.818   64.056 -146.817
   64.056 -146.817   64.057 -146.816   64.057 -146.816   64.057 -146.816
   64.058 -146.815   64.058 -146.815   64.058 -146.814   64.059 -146.814
   64.059 -146.814   64.059 -146.813   64.060 -146.813   64.060 -146.813
   64.061 -146.813   64.061 -146.813   64.061 -146.813   64.062 -146.813
   64.062 -146.813   64.063 -146.813   64.063 -146.813   64.063 -146.813
   64.064 -146.814   64.064 -146.814   64.065 -146.814   64.065 -146.815
   64.065 -146.815   64.066 -146.816   64.066 -146.816   64.067 -146.816
   64.067 -146.816   64.068 -146.815   64.068 -146.815   64.068 -146.814
   64.069 -146.814   64.069 -146.814   64.069 -146.814   64.070 -146.814
   64.070 -146.814   64.071 -146.814   64.071 -146.814   64.071 -146.813
   64.072 -146.813   64.072 -146.813   64.073 -146.812   64.073 -146.812
   64.074 -146.812   64.074 -146.811   64.074 -146.811   64.075 -146.811
   64.075 -146.811   64.075 -146.811   64.076 -146.810   64.076 -146.810
   64.077 -146.810   64.077 -146.811   64.078 -146.811   64.078 -146.811
   64.078 -146.811   64.079 -146.812   64.079 -146.812   64.080 -146.812
   64.080 -146.811   64.080 -146.811   64.081 -146.810   64.081 -146.810
   64.081 -146.809   64.082 -146.809   64.082 -146.808   64.083 -146.808
   64.083 -146.808   64.083 -146.808   64.084 -146.808   64.084 -146.808
   64.085 -146.807   64.085 -146.807   64.085 -146.807   64.086 -146.807
   64.086 -146.807   64.087 -146.807   64.087 -146.807   64.088 -146.807
   64.088 -146.807   64.088 -146.807   64.089 -146.807   64.089 -146.807
   64.090 -146.807   64.090 -146.807   64.090 -146.807   64.091 -146.807
   64.091 -146.806   64.091 -146.806   64.092 -146.805   64.092 -146.805
   64.092 -146.804   64.093 -146.804   64.093 -146.804   64.094 -146.804
   64.094 -146.803   64.094 -146.803   64.095 -146.803   64.095 -146.803
   64.096 -146.803   64.096 -146.802   64.096 -146.802   64.097 -146.801
   64.097 -146.800   64.097 -146.800   64.098 -146.799   64.098 -146.798
   64.098 -146.798   64.099 -146.797   64.099 -146.797   64.099 -146.796
   64.100 -146.796   64.100 -146.795   64.100 -146.795   64.101 -146.794
   64.101 -146.794   64.102 -146.793   64.102 -146.793   64.102 -146.792
   64.103 -146.792   64.103 -146.791   64.104 -146.791   64.104 -146.791
   64.104 -146.791   64.105 -146.791   64.105 -146.791   64.106 -146.791
   64.106 -146.791   64.107 -146.790   64.107 -146.790   64.107 -146.790
   64.108 -146.789   64.108 -146.789   64.108 -146.788   64.109 -146.788
   64.109 -146.787   64.110 -146.788   64.110 -146.787   64.110 -146.787
   64.111 -146.787   64.111 -146.787   64.111 -146.788   64.112 -146.788
   64.112 -146.788   64.113 -146.788   64.113 -146.788   64.114 -146.788
   64.114 -146.788   64.114 -146.789   64.115 -146.789   64.115 -146.788
   64.116 -146.788   64.116 -146.788   64.117 -146.788   64.117 -146.787
   64.117 -146.787   64.118 -146.787   64.118 -146.786   64.118 -146.786
   64.119 -146.786   64.119 -146.785   64.120 -146.785   64.120 -146.784
   64.120 -146.784   64.121 -146.784   64.121 -146.784   64.122 -146.783
   64.122 -146.783   64.122 -146.783   64.123 -146.783   64.123 -146.783
   64.124 -146.783   64.124 -146.784   64.125 -146.784   64.125 -146.783
   64.125 -146.783   64.126 -146.783   64.126 -146.782   64.127 -146.782
   64.127 -146.781   64.127 -146.781   64.128 -146.781   64.128 -146.780
   64.128 -146.780   64.129 -146.781   64.129 -146.781   64.129 -146.782
   64.130 -146.782   64.130 -146.782   64.131 -146.783   64.131 -146.783
   64.131 -146.783   64.132 -146.784   64.132 -146.784   64.133 -146.784
   64.133 -146.783   64.134 -146.783   64.134 -146.783   64.134 -146.782
   64.135 -146.782   64.135 -146.782   64.136 -146.781   64.136 -146.780
   64.136 -146.779   64.137 -146.779   64.137 -146.778   64.137 -146.777
   64.137 -146.777   64.138 -146.776   64.138 -146.776   64.139 -146.776
   64.139 -146.776   64.140 -146.777   64.140 -146.777   64.140 -146.777
   64.141 -146.777   64.141 -146.776   64.142 -146.776   64.142 -146.776
   64.143 -146.776   64.143 -146.776   64.143 -146.776   64.144 -146.777
   64.144 -146.777   64.145 -146.777   64.145 -146.777   64.145 -146.777
   64.146 -146.776   64.146 -146.776   64.147 -146.776   64.147 -146.776
   64.148 -146.776   64.148 -146.775   64.148 -146.775   64.148 -146.774
   64.149 -146.773   64.149 -146.773   64.150 -146.772   64.150 -146.771
   64.150 -146.771   64.151 -146.771   
  32                 63.929   63.823 -145.714 -145.796   63.939 -145.795   
   63.874 -145.796   63.874 -145.782   63.867 -145.781   63.867 -145.763
   63.823 -145.764   63.823 -145.743   63.838 -145.739   63.837 -145.730
   63.849 -145.730   63.853 -145.730   63.853 -145.714   63.882 -145.715   
   63.882 -145.747   63.939 -145.747   63.939 -145.795
  32                 63.939   63.823 -145.714 -145.796   63.939 -145.795   
   63.939 -145.747   63.882 -145.747   63.882 -145.715   63.853 -145.714
   63.853 -145.730   63.849 -145.730   63.837 -145.730   63.838 -145.739
   63.823 -145.743   63.823 -145.764   63.867 -145.763   63.867 -145.781
   63.874 -145.782   63.874 -145.796   63.939 -145.795

