   6                 40.035   39.905 -113.246 -113.247   40.035 -113.247
   39.982 -113.246   39.905 -113.246
   6                 40.429   40.429 -113.981 -114.046   40.429 -114.046
   40.429 -114.013   40.429 -113.981
   6                 40.646   40.645 -113.790 -113.885   40.646 -113.790
   40.645 -113.852   40.645 -113.885
   4                 40.646   40.646 -113.771 -113.790   40.646 -113.771
   40.646 -113.790
   4                 40.429   40.429 -113.962 -113.981   40.429 -113.981
   40.429 -113.962
   8                 40.429   40.429 -113.869 -113.962   40.429 -113.962
   40.429 -113.949   40.429 -113.915   40.429 -113.869
   4                 40.429   40.429 -113.849 -113.869   40.429 -113.869
   40.429 -113.849
   8                 40.429   40.358 -113.828 -113.849   40.429 -113.849
   40.428 -113.828   40.400 -113.828   40.358 -113.829
   4                 40.342   40.342 -113.721 -113.740   40.342 -113.740
   40.342 -113.721
   6                 40.270   40.252 -113.701 -113.701   40.252 -113.701
   40.255 -113.701   40.270 -113.701
   8                 40.252   40.182 -113.701 -113.702   40.182 -113.701
   40.184 -113.701   40.212 -113.702   40.252 -113.701
   4                 40.182   40.166 -113.701 -113.702   40.166 -113.702
   40.182 -113.701
   4                 40.095   40.080 -113.701 -113.702   40.080 -113.701
   40.095 -113.702
   6                 40.166   40.095 -113.701 -113.702   40.095 -113.702
   40.096 -113.701   40.166 -113.702
   8                 40.080   40.008 -113.700 -113.701   40.008 -113.700
   40.024 -113.700   40.051 -113.701   40.080 -113.701
   4                 40.008   39.992 -113.699 -113.700   39.992 -113.699
   40.008 -113.700
   4                 39.992   39.906 -113.699 -113.699   39.906 -113.699
   39.992 -113.699
   4                 39.906   39.905 -113.679 -113.699   39.905 -113.679
   39.906 -113.699
   6                 39.906   39.905 -113.623 -113.679   39.906 -113.623
   39.906 -113.656   39.905 -113.679
   4                 39.906   39.905 -113.604 -113.623   39.905 -113.604
   39.906 -113.623
   4                 39.906   39.905 -113.502 -113.521   39.905 -113.502
   39.906 -113.521
   8                 39.906   39.905 -113.521 -113.604   39.906 -113.521
   39.905 -113.552   39.905 -113.585   39.905 -113.604
   4                 39.905   39.905 -113.286 -113.324   39.905 -113.286
   39.905 -113.324
   4                 39.905   39.905 -113.246 -113.267   39.905 -113.246
   39.905 -113.267
   4                 39.905   39.905 -113.267 -113.286   39.905 -113.267
   39.905 -113.286
   4                 40.646   40.646 -113.676 -113.771   40.646 -113.676
   40.646 -113.771
   4                 40.646   40.645 -113.657 -113.676   40.645 -113.657
   40.646 -113.676
   4                 40.636   40.636 -113.542 -113.561   40.636 -113.542
   40.636 -113.561
  12                 40.646   40.636 -113.561 -113.657   40.636 -113.561
   40.637 -113.599   40.645 -113.599   40.645 -113.610   40.646 -113.645
   40.645 -113.657
   4                 40.637   40.636 -113.523 -113.542   40.637 -113.523
   40.636 -113.542
   4                 40.637   40.636 -113.504 -113.523   40.636 -113.504
   40.637 -113.523
   6                 40.636   40.635 -113.445 -113.504   40.635 -113.445
   40.636 -113.483   40.636 -113.504
   4                 40.636   40.635 -113.426 -113.445   40.636 -113.426
   40.635 -113.445
   4                 40.636   40.636 -113.313 -113.332   40.636 -113.313
   40.636 -113.332
   4                 40.636   40.636 -113.332 -113.426   40.636 -113.332
   40.636 -113.426
   4                 40.636   40.635 -113.217 -113.313   40.635 -113.217
   40.636 -113.313
  18                 40.636   40.417 -113.139 -113.199   40.417 -113.139
   40.417 -113.142   40.442 -113.143   40.474 -113.143   40.506 -113.143
   40.568 -113.141   40.570 -113.142   40.636 -113.141   40.636 -113.199
   4                 40.636   40.635 -113.199 -113.217   40.636 -113.199
   40.635 -113.217
   4                 40.417   40.417 -113.122 -113.139   40.417 -113.139
   40.417 -113.122
   4                 40.417   40.417 -113.103 -113.122   40.417 -113.122
   40.417 -113.103
   4                 40.417   40.417 -113.046 -113.103   40.417 -113.103
   40.417 -113.046
  32                 40.229   40.034 -112.721 -113.247   40.035 -113.247
   40.035 -113.139   40.035 -113.080   40.035 -113.024   40.034 -112.966
   40.034 -112.910   40.034 -112.875   40.034 -112.837   40.034 -112.798
   40.074 -112.797   40.091 -112.798   40.105 -112.797   40.158 -112.799
   40.187 -112.798   40.186 -112.722   40.229 -112.721
   4                 40.245   40.229 -112.720 -112.721   40.245 -112.720
   40.229 -112.721
   4                 40.245   40.244 -112.720 -112.761   40.244 -112.761
   40.245 -112.720
   6                 40.333   40.262 -112.400 -112.401   40.333 -112.400
   40.323 -112.400   40.262 -112.401
   6                 40.262   40.262 -112.363 -112.401   40.262 -112.363
   40.262 -112.382   40.262 -112.401
   4                 40.263   40.262 -112.287 -112.363   40.262 -112.363
   40.263 -112.287
   4                 40.277   40.263 -112.287 -112.287   40.263 -112.287
   40.277 -112.287
   4                 40.334   40.333 -112.345 -112.400   40.334 -112.345
   40.333 -112.400
   4                 40.334   40.334 -112.324 -112.345   40.334 -112.324
   40.334 -112.345
   6                 40.334   40.277 -112.286 -112.287   40.277 -112.287
   40.304 -112.286   40.334 -112.286
   6                 40.334   40.334 -112.286 -112.324   40.334 -112.286
   40.334 -112.318   40.334 -112.324
   8                 39.906   39.905 -113.324 -113.417   39.905 -113.324
   39.905 -113.361   39.906 -113.406   39.905 -113.417
   4                 39.905   39.905 -113.417 -113.502   39.905 -113.417
   39.905 -113.502
  40                 40.565   40.491 -112.316 -112.492   40.514 -112.463
   40.507 -112.461   40.492 -112.461   40.492 -112.445   40.492 -112.409
   40.491 -112.340   40.495 -112.341   40.495 -112.328   40.508 -112.316
   40.508 -112.338   40.537 -112.328   40.544 -112.333   40.548 -112.338
   40.556 -112.346   40.562 -112.351   40.565 -112.361   40.564 -112.460
   40.532 -112.492   40.515 -112.492   40.514 -112.463
   4                 40.358   40.342 -113.829 -113.829   40.358 -113.829
   40.342 -113.829
  10                 40.342   40.342 -113.740 -113.829   40.342 -113.829
   40.342 -113.784   40.342 -113.765   40.342 -113.746   40.342 -113.740
   4                 40.418   40.417 -113.025 -113.046   40.417 -113.046
   40.418 -113.025
   4                 40.419   40.418 -113.010 -113.025   40.418 -113.025
   40.419 -113.010
   4                 40.419   40.419 -113.005 -113.010   40.419 -113.010
   40.419 -113.005
   4                 40.603   40.429 -114.043 -114.046   40.603 -114.043
   40.429 -114.046
   4                 40.706   40.632 -114.041 -114.042   40.706 -114.041
   40.632 -114.042
  12                 40.646   40.603 -113.885 -114.043   40.645 -113.885
   40.646 -113.904   40.603 -113.903   40.603 -113.950   40.603 -113.999
   40.603 -114.043
  18                 40.706   40.631 -114.022 -114.042   40.632 -114.042
   40.631 -114.027   40.651 -114.026   40.678 -114.026   40.679 -114.022
   40.690 -114.023   40.690 -114.036   40.705 -114.035   40.706 -114.041
  32                 40.419   40.259 -112.801 -113.006   40.419 -113.005
   40.357 -113.006   40.357 -112.986   40.343 -112.986   40.342 -112.968
   40.342 -112.949   40.326 -112.949   40.325 -112.930   40.311 -112.930
   40.311 -112.910   40.302 -112.911   40.302 -112.856   40.273 -112.857
   40.273 -112.838   40.273 -112.801   40.259 -112.801
   6                 40.259   40.244 -112.761 -112.801   40.259 -112.801
   40.255 -112.790   40.244 -112.761
  12                 40.417   40.340 -113.139 -113.253   40.417 -113.139
   40.399 -113.139   40.381 -113.139   40.340 -113.139   40.340 -113.244
   40.340 -113.253
  20                 40.340   40.035 -113.247 -113.366   40.340 -113.253
   40.294 -113.253   40.285 -113.254   40.252 -113.254   40.252 -113.302
   40.251 -113.366   40.078 -113.366   40.078 -113.302   40.035 -113.303
   40.035 -113.247
  10                 40.342   40.270 -113.701 -113.701   40.270 -113.701
   40.274 -113.701   40.297 -113.701   40.340 -113.701   40.342 -113.701
   4                 40.342   40.342 -113.701 -113.721   40.342 -113.701
   40.342 -113.721
