  20                 38.757   38.674  -77.214  -77.119   38.750  -77.190
   38.746  -77.194   38.744  -77.212   38.748  -77.212   38.751  -77.214
   38.753  -77.208   38.757  -77.202   38.757  -77.191   38.757  -77.188
   38.750  -77.190   
  86                 38.749   38.674  -77.121  -77.201   38.683  -77.124   
   38.682  -77.126   38.679  -77.129   38.678  -77.129   38.678  -77.132   
   38.676  -77.136   38.674  -77.142   38.675  -77.149   38.681  -77.156   
   38.688  -77.156   38.692  -77.156   38.695  -77.158   38.697  -77.162   
   38.697  -77.167   38.692  -77.162   38.684  -77.166   38.682  -77.179
   38.680  -77.178   38.681  -77.185   38.692  -77.201   38.720  -77.192
   38.725  -77.182   38.722  -77.173   38.738  -77.167   38.742  -77.159
   38.744  -77.149   38.749  -77.143   38.740  -77.131   38.741  -77.126
   38.730  -77.122   38.728  -77.131   38.723  -77.136   38.714  -77.140
   38.712  -77.130   38.709  -77.126   38.707  -77.126   38.703  -77.125
   38.700  -77.123   38.697  -77.119   38.692  -77.119   38.690  -77.121
   38.687  -77.124   38.683  -77.124
  96                 38.222   38.020  -77.395  -77.139   38.123  -77.143
   38.121  -77.145   38.119  -77.146   38.109  -77.144   38.100  -77.146
   38.091  -77.152   38.082  -77.164   38.078  -77.169   38.073  -77.168
   38.065  -77.160   38.051  -77.157   38.044  -77.181   38.038  -77.187
   38.041  -77.239   38.031  -77.268   38.021  -77.275   38.020  -77.282
   38.031  -77.299   38.044  -77.308   38.047  -77.330   38.067  -77.328
   38.075  -77.353   38.099  -77.367   38.093  -77.381   38.111  -77.386
   38.123  -77.384   38.136  -77.389   38.147  -77.388   38.163  -77.394
   38.182  -77.395   38.199  -77.387   38.201  -77.368   38.211  -77.371
   38.214  -77.366   38.204  -77.328   38.222  -77.304   38.191  -77.277
   38.179  -77.277   38.167  -77.241   38.157  -77.237   38.153  -77.212
   38.163  -77.199   38.156  -77.187   38.147  -77.178   38.142  -77.168
   38.143  -77.155   38.127  -77.139   38.123  -77.143

