 170                 34.708   34.549  -86.722  -86.586   34.643  -86.687
   34.643  -86.692   34.641  -86.692   34.634  -86.692   34.634  -86.708
   34.628  -86.709   34.628  -86.701   34.616  -86.700   34.616  -86.698
   34.605  -86.698   34.605  -86.704   34.599  -86.704   34.599  -86.716
   34.611  -86.716   34.611  -86.708   34.623  -86.708   34.624  -86.722
   34.628  -86.722   34.691  -86.717   34.707  -86.676   34.708  -86.640
   34.704  -86.637   34.699  -86.629   34.684  -86.629   34.683  -86.611
   34.661  -86.612   34.662  -86.602   34.633  -86.603   34.632  -86.590
   34.625  -86.590   34.617  -86.587   34.610  -86.589   34.596  -86.589
   34.596  -86.586   34.583  -86.586   34.583  -86.590   34.582  -86.602
   34.578  -86.613   34.569  -86.624   34.562  -86.632   34.552  -86.639
   34.549  -86.646   34.549  -86.652   34.552  -86.663   34.554  -86.669
   34.559  -86.674   34.566  -86.675   34.576  -86.675   34.581  -86.679
   34.583  -86.682   34.586  -86.685   34.586  -86.689   34.588  -86.696
   34.593  -86.695   34.593  -86.676   34.598  -86.676   34.599  -86.688
   34.620  -86.687   34.619  -86.673   34.613  -86.665   34.604  -86.653
   34.604  -86.647   34.611  -86.647   34.611  -86.639   34.615  -86.638
   34.621  -86.628   34.621  -86.624   34.627  -86.624   34.626  -86.615
   34.636  -86.614   34.636  -86.628   34.632  -86.628   34.632  -86.637
   34.629  -86.637   34.629  -86.652   34.636  -86.652   34.638  -86.663
   34.641  -86.663   34.656  -86.662   34.656  -86.658   34.671  -86.663
   34.670  -86.672   34.656  -86.672   34.656  -86.687   34.643  -86.687

