   4                 33.824   33.823 -106.691 -106.743   33.824 -106.743
   33.823 -106.691
   4                 33.823   33.823 -106.674 -106.691   33.823 -106.691
   33.823 -106.674
   4                 33.824   33.823 -106.656 -106.674   33.823 -106.674
   33.824 -106.656
   4                 33.824   33.824 -106.638 -106.656   33.824 -106.656
   33.824 -106.638
   4                 33.825   33.824 -106.587 -106.638   33.824 -106.638
   33.825 -106.587
   4                 33.825   33.825 -106.570 -106.587   33.825 -106.587
   33.825 -106.570
   4                 33.825   33.825 -106.551 -106.570   33.825 -106.570
   33.825 -106.551
   4                 33.825   33.825 -106.534 -106.551   33.825 -106.551
   33.825 -106.534
   4                 33.825   33.825 -106.483 -106.534   33.825 -106.534
   33.825 -106.483
   4                 33.825   33.825 -106.465 -106.483   33.825 -106.483
   33.825 -106.465
   4                 33.825   33.825 -106.448 -106.465   33.825 -106.465
   33.825 -106.448
   4                 33.825   33.825 -106.430 -106.448   33.825 -106.448
   33.825 -106.430
   4                 33.825   33.825 -106.412 -106.430   33.825 -106.430
   33.825 -106.412
   4                 33.825   33.825 -106.360 -106.367   33.825 -106.367
   33.825 -106.360
   4                 33.826   33.825 -106.308 -106.360   33.825 -106.360
   33.826 -106.308
   8                 33.825   33.810 -106.384 -106.412   33.825 -106.412
   33.825 -106.400   33.810 -106.400   33.811 -106.384
   6                 33.825   33.811 -106.367 -106.384   33.811 -106.384
   33.811 -106.367   33.825 -106.367
  14                 33.826   33.805 -106.226 -106.308   33.826 -106.308
   33.826 -106.270   33.820 -106.269   33.816 -106.264   33.813 -106.260
   33.809 -106.248   33.805 -106.226
   6                 33.824   33.745 -106.743 -106.745   33.745 -106.745
   33.747 -106.745   33.824 -106.743
   4                 33.745   33.732 -106.745 -106.745   33.732 -106.745
   33.745 -106.745
  30                 33.805   33.752 -106.098 -106.226   33.805 -106.226
   33.802 -106.216   33.800 -106.209   33.797 -106.202   33.795 -106.197
   33.794 -106.192   33.795 -106.187   33.796 -106.183   33.796 -106.178
   33.790 -106.169   33.781 -106.157   33.765 -106.136   33.762 -106.120
   33.759 -106.117   33.752 -106.098
   4                 33.732   33.665 -106.745 -106.745   33.665 -106.745
   33.732 -106.745
   4                 33.752   33.710 -106.098 -106.099   33.752 -106.098
   33.710 -106.099
   4                 33.665   33.651 -106.745 -106.745   33.651 -106.745
   33.665 -106.745
   4                 33.710   33.682 -106.099 -106.100   33.710 -106.099
   33.682 -106.100
   4                 33.682   33.653 -106.100 -106.100   33.682 -106.100
   33.653 -106.100
   4                 33.651   33.578 -106.744 -106.745   33.578 -106.744
   33.651 -106.745
   4                 33.578   33.564 -106.744 -106.744   33.564 -106.744
   33.578 -106.744
   4                 33.564   33.491 -106.744 -106.744   33.491 -106.744
   33.564 -106.744
   4                 33.491   33.477 -106.743 -106.744   33.477 -106.743
   33.491 -106.744
   4                 33.653   33.521 -106.100 -106.100   33.653 -106.100
   33.521 -106.100
  12                 33.521   33.479 -106.100 -106.117   33.521 -106.100
   33.521 -106.117   33.507 -106.117   33.507 -106.100   33.480 -106.100
   33.479 -106.100
   4                 33.477   33.404 -106.743 -106.743   33.404 -106.743
   33.477 -106.743
   4                 33.404   33.390 -106.743 -106.744   33.390 -106.744
   33.404 -106.743
   4                 33.479   33.436 -106.100 -106.101   33.479 -106.100
   33.436 -106.101
   4                 33.436   33.422 -106.101 -106.101   33.436 -106.101
   33.422 -106.101
   8                 33.390   33.360 -106.743 -106.744   33.360 -106.743
   33.374 -106.744   33.387 -106.744   33.390 -106.744
   8                 33.360   33.346 -106.727 -106.743   33.346 -106.743
   33.346 -106.727   33.359 -106.727   33.360 -106.743
   4                 33.346   33.317 -106.743 -106.744   33.317 -106.744
   33.346 -106.743
   4                 33.392   33.368 -106.093 -106.093   33.368 -106.093
   33.392 -106.093
   4                 33.317   33.300 -106.744 -106.745   33.300 -106.745
   33.317 -106.744
   4                 33.368   33.354 -106.092 -106.093   33.354 -106.092
   33.368 -106.093
   4                 33.354   33.325 -106.092 -106.092   33.325 -106.092
   33.354 -106.092
   4                 33.300   33.244 -106.745 -106.745   33.244 -106.745
   33.300 -106.745
   8                 33.244   33.229 -106.728 -106.745   33.229 -106.744
   33.229 -106.728   33.243 -106.728   33.244 -106.745
   4                 33.229   33.200 -106.744 -106.745   33.200 -106.745
   33.229 -106.744
   4                 33.200   33.143 -106.745 -106.745   33.143 -106.745
   33.200 -106.745
   4                 33.143   33.129 -106.745 -106.745   33.129 -106.745
   33.143 -106.745
   4                 33.129   33.057 -106.744 -106.745   33.057 -106.744
   33.129 -106.745
   4                 33.057   33.042 -106.744 -106.744   33.042 -106.744
   33.057 -106.744
   6                 33.325   33.049 -106.090 -106.092   33.049 -106.090
   33.311 -106.092   33.325 -106.092
   4                 33.042   32.971 -106.744 -106.745   32.971 -106.745
   33.042 -106.744
   4                 33.049   33.019 -106.090 -106.090   33.019 -106.090
   33.049 -106.090
   4                 32.971   32.955 -106.745 -106.745   32.955 -106.745
   32.971 -106.745
   4                 33.019   33.005 -106.090 -106.090   33.005 -106.090
   33.019 -106.090
   4                 33.005   32.961 -106.090 -106.090   32.961 -106.090
   33.005 -106.090
   4                 32.962   32.961 -106.063 -106.090   32.962 -106.063
   32.961 -106.090
  12                 32.955   32.882 -106.729 -106.746   32.882 -106.746
   32.896 -106.746   32.897 -106.730   32.911 -106.729   32.911 -106.746
   32.955 -106.745
   4                 32.882   32.867 -106.745 -106.746   32.867 -106.745
   32.882 -106.746
  14                 33.004   32.873 -106.090 -106.205   32.961 -106.090
   32.961 -106.133   33.004 -106.130   33.003 -106.180   32.974 -106.180
   32.961 -106.200   32.873 -106.205
   4                 32.873   32.869 -106.205 -106.374   32.869 -106.374
   32.873 -106.205
   4                 32.874   32.873 -106.149 -106.205   32.874 -106.149
   32.873 -106.205
   8                 32.962   32.860 -106.027 -106.064   32.860 -106.027
   32.889 -106.027   32.890 -106.064   32.962 -106.063
   6                 32.875   32.832 -106.131 -106.149   32.832 -106.132
   32.875 -106.131   32.874 -106.149
   6                 32.860   32.832 -106.027 -106.064   32.832 -106.064
   32.860 -106.064   32.860 -106.027
   4                 32.832   32.818 -106.132 -106.132   32.832 -106.132
   32.818 -106.132
  10                 32.793   32.779 -106.544 -106.559   32.779 -106.544
   32.779 -106.559   32.793 -106.559   32.793 -106.544   32.779 -106.544
   6                 32.832   32.818 -106.098 -106.132   32.818 -106.098
   32.832 -106.098   32.832 -106.132
   6                 32.832   32.818 -106.063 -106.098   32.818 -106.098
   32.818 -106.063   32.832 -106.064
  12                 32.867   32.750 -106.710 -106.746   32.750 -106.710
   32.780 -106.711   32.780 -106.728   32.823 -106.729   32.824 -106.746
   32.867 -106.745
   4                 32.818   32.788 -106.132 -106.132   32.818 -106.132
   32.788 -106.132
  16                 32.874   32.787 -106.132 -106.167   32.874 -106.149
   32.867 -106.149   32.859 -106.149   32.842 -106.149   32.831 -106.149
   32.831 -106.166   32.787 -106.167   32.788 -106.132
  10                 32.750   32.735 -106.526 -106.543   32.735 -106.526
   32.735 -106.543   32.750 -106.543   32.750 -106.526   32.735 -106.526
   4                 32.770   32.755 -106.132 -106.133   32.755 -106.132
   32.770 -106.133
   4                 32.755   32.741 -106.132 -106.132   32.741 -106.132
   32.755 -106.132
   6                 32.870   32.693 -106.374 -106.476   32.693 -106.476
   32.870 -106.476   32.869 -106.374
  26                 32.770   32.664 -106.133 -106.373   32.664 -106.373
   32.665 -106.338   32.679 -106.338   32.679 -106.296   32.679 -106.286
   32.696 -106.285   32.697 -106.269   32.708 -106.268   32.708 -106.253
   32.708 -106.226   32.755 -106.191   32.769 -106.181   32.770 -106.133
   4                 32.664   32.649 -106.372 -106.373   32.649 -106.372
   32.664 -106.373
  18                 32.693   32.649 -106.372 -106.476   32.693 -106.476
   32.693 -106.458   32.678 -106.457   32.679 -106.440   32.663 -106.440
   32.663 -106.424   32.653 -106.423   32.649 -106.423   32.649 -106.372
   4                 32.741   32.668 -106.131 -106.132   32.668 -106.131
   32.741 -106.132
   4                 32.668   32.654 -106.131 -106.131   32.654 -106.131
   32.668 -106.131
  12                 32.693   32.605 -106.473 -106.487   32.693 -106.476
   32.649 -106.474   32.619 -106.473   32.619 -106.487   32.611 -106.487
   32.605 -106.487
  16                 32.605   32.592 -106.487 -106.507   32.605 -106.487
   32.595 -106.487   32.593 -106.487   32.593 -106.491   32.592 -106.506
   32.601 -106.507   32.605 -106.507   32.605 -106.487
   4                 32.654   32.579 -106.131 -106.132   32.579 -106.132
   32.654 -106.131
   4                 32.579   32.565 -106.132 -106.132   32.565 -106.132
   32.579 -106.132
  60                 32.830   32.533 -106.457 -106.620   32.693 -106.476
   32.692 -106.490   32.677 -106.491   32.677 -106.509   32.682 -106.509
   32.718 -106.510   32.829 -106.510   32.830 -106.620   32.803 -106.620
   32.790 -106.620   32.780 -106.620   32.779 -106.591   32.726 -106.589
   32.726 -106.573   32.677 -106.573   32.677 -106.555   32.656 -106.554
   32.647 -106.554   32.641 -106.554   32.591 -106.553   32.591 -106.539
   32.551 -106.538   32.550 -106.509   32.533 -106.508   32.534 -106.487
   32.534 -106.457   32.583 -106.457   32.583 -106.473   32.606 -106.473
   32.605 -106.487
  16                 32.539   32.475 -106.592 -106.628   32.539 -106.628
   32.532 -106.628   32.532 -106.609   32.511 -106.609   32.496 -106.609
   32.489 -106.609   32.489 -106.592   32.475 -106.593
   6                 32.565   32.489 -106.132 -106.132   32.489 -106.132
   32.520 -106.132   32.565 -106.132
   4                 32.489   32.475 -106.132 -106.132   32.475 -106.132
   32.489 -106.132
  14                 32.475   32.429 -106.557 -106.593   32.430 -106.557
   32.429 -106.561   32.432 -106.567   32.432 -106.575   32.446 -106.575
   32.446 -106.593   32.475 -106.593
  12                 32.438   32.417 -106.540 -106.557   32.417 -106.540
   32.438 -106.540   32.437 -106.547   32.431 -106.554   32.431 -106.556
   32.430 -106.557
  10                 32.417   32.389 -106.524 -106.541   32.389 -106.524
   32.403 -106.524   32.403 -106.533   32.403 -106.541   32.417 -106.540
   4                 32.475   32.401 -106.131 -106.132   32.401 -106.131
   32.475 -106.132
   4                 32.401   32.386 -106.131 -106.131   32.386 -106.131
   32.401 -106.131
   8                 32.389   32.345 -106.507 -106.524   32.389 -106.524
   32.389 -106.507   32.345 -106.507   32.345 -106.524
   6                 32.386   32.342 -106.108 -106.132   32.342 -106.108
   32.342 -106.132   32.386 -106.131
   6                 32.346   32.184 -106.524 -106.575   32.184 -106.573
   32.346 -106.575   32.345 -106.524
   4                 32.184   32.138 -106.573 -106.574   32.184 -106.573
   32.138 -106.574
   6                 32.138   32.083 -106.505 -106.575   32.138 -106.574
   32.084 -106.575   32.083 -106.505
   4                 32.083   32.083 -106.488 -106.505   32.083 -106.505
   32.083 -106.488
   4                 32.083   32.082 -106.473 -106.488   32.083 -106.488
   32.082 -106.473
   4                 32.082   32.081 -106.371 -106.473   32.082 -106.473
   32.081 -106.371
   6                 32.342   32.081 -106.108 -106.267   32.081 -106.267
   32.327 -106.119   32.342 -106.108
   6                 32.081   32.081 -106.267 -106.371   32.081 -106.371
   32.081 -106.308   32.081 -106.267
  42                 32.750   32.539 -106.628 -106.710   32.539 -106.628
   32.540 -106.628   32.559 -106.628   32.560 -106.642   32.560 -106.644
   32.562 -106.644   32.563 -106.644   32.605 -106.644   32.605 -106.660
   32.631 -106.660   32.640 -106.661   32.648 -106.660   32.648 -106.665
   32.649 -106.677   32.692 -106.677   32.692 -106.694   32.701 -106.694
   32.717 -106.694   32.736 -106.694   32.736 -106.710   32.750 -106.710
   4                 33.422   33.392 -106.101 -106.102   33.422 -106.101
   33.392 -106.102
   4                 33.392   33.392 -106.093 -106.102   33.392 -106.102
   33.392 -106.093
  12                 32.831   32.802 -105.925 -105.993   32.831 -105.926
   32.831 -105.993   32.817 -105.993   32.817 -105.977   32.803 -105.977
   32.802 -105.925
   4                 32.831   32.802 -105.925 -105.926   32.831 -105.926
   32.802 -105.925
