   4                 32.506   32.505 -112.572 -112.871   32.505 -112.871
   32.506 -112.572
  36                 32.680   32.632 -114.580 -114.643   32.644 -114.632
   32.637 -114.641   32.635 -114.643   32.632 -114.642   32.632 -114.639
   32.635 -114.635   32.653 -114.611   32.648 -114.610   32.644 -114.610
   32.643 -114.581   32.660 -114.580   32.674 -114.580   32.674 -114.581
   32.676 -114.581   32.679 -114.584   32.680 -114.586   32.680 -114.587
   32.659 -114.612
   4                 32.505   32.433 -112.929 -112.929   32.505 -112.929
   32.433 -112.929
  10                 32.505   32.420 -113.133 -113.333   32.421 -113.333
   32.420 -113.288   32.421 -113.137   32.421 -113.134   32.505 -113.133
  16                 32.626   32.418 -114.357 -114.561   32.626 -114.357
   32.624 -114.547   32.600 -114.547   32.600 -114.561   32.482 -114.560
   32.449 -114.560   32.425 -114.559   32.418 -114.559
  10                 33.029   32.999 -114.455 -114.472   33.029 -114.471
   33.014 -114.472   33.015 -114.456   33.001 -114.455   32.999 -114.455
   4                 33.030   33.029 -114.471 -114.489   33.029 -114.471
   33.030 -114.489
   4                 33.031   33.031 -114.230 -114.267   33.031 -114.267
   33.031 -114.230
  10                 33.379   33.031 -114.264 -114.267   33.379 -114.265
   33.291 -114.264   33.292 -114.266   33.206 -114.265   33.031 -114.267
   6                 33.466   33.379 -114.247 -114.265   33.379 -114.265
   33.379 -114.247   33.466 -114.247
   6                 33.553   33.466 -114.247 -114.412   33.553 -114.412
   33.553 -114.248   33.466 -114.247
   4                 32.276   32.234 -113.959 -113.959   32.234 -113.959
   32.276 -113.959
   4                 32.282   32.276 -113.959 -113.959   32.276 -113.959
   32.282 -113.959
  12                 32.421   32.420 -113.333 -113.661   32.420 -113.661
   32.420 -113.474   32.420 -113.455   32.420 -113.450   32.420 -113.446
   32.421 -113.333
  10                 32.421   32.282 -113.669 -113.959   32.282 -113.959
   32.421 -113.958   32.420 -113.910   32.420 -113.679   32.421 -113.669
   4                 32.421   32.420 -113.661 -113.669   32.421 -113.669
   32.420 -113.661
   4                 33.043   33.043 -114.524 -114.574   33.043 -114.574
   33.043 -114.524
   6                 33.043   33.030 -114.489 -114.524   33.043 -114.524
   33.043 -114.490   33.030 -114.489
   4                 33.163   33.043 -114.574 -114.574   33.163 -114.574
   33.043 -114.574
  16                 33.553   33.288 -114.438 -114.586   33.553 -114.438
   33.553 -114.472   33.467 -114.473   33.466 -114.586   33.377 -114.586
   33.377 -114.579   33.307 -114.577   33.288 -114.577
   6                 33.031   32.944 -114.189 -114.230   32.945 -114.189
   32.944 -114.229   33.031 -114.230
   4                 33.294   33.269 -113.750 -113.750   33.269 -113.750
   33.294 -113.750
  18                 33.056   32.944 -113.748 -114.189   32.945 -114.189
   32.945 -114.162   32.944 -114.016   32.944 -114.013   32.944 -114.011
   32.945 -113.956   33.031 -113.956   33.032 -113.748   33.056 -113.749
   4                 33.206   33.062 -113.748 -113.749   33.062 -113.749
   33.206 -113.748
   4                 33.062   33.056 -113.749 -113.749   33.056 -113.749
   33.062 -113.749
   4                 33.269   33.206 -113.748 -113.750   33.206 -113.748
   33.269 -113.750
   4                 33.553   33.553 -114.412 -114.438   33.553 -114.412
   33.553 -114.438
   4                 32.659   32.644 -114.612 -114.632   32.659 -114.612
   32.644 -114.632
  18                 32.793   32.768 -114.290 -114.425   32.768 -114.290
   32.768 -114.317   32.784 -114.316   32.785 -114.356   32.793 -114.356
   32.793 -114.393   32.775 -114.394   32.774 -114.418   32.774 -114.425
  10                 32.850   32.774 -114.425 -114.449   32.774 -114.425
   32.775 -114.449   32.823 -114.446   32.842 -114.438   32.850 -114.441
   6                 32.876   32.850 -114.441 -114.444   32.850 -114.441
   32.864 -114.444   32.876 -114.444
  14                 32.999   32.876 -114.428 -114.455   32.876 -114.444
   32.876 -114.428   32.941 -114.429   32.944 -114.429   32.944 -114.438
   32.999 -114.439   32.999 -114.455
  12                 33.294   32.958 -113.645 -113.750   32.958 -113.645
   33.294 -113.645   33.294 -113.689   33.294 -113.732   33.294 -113.744
   33.294 -113.750
  32                 32.916   32.828 -112.713 -113.004   32.828 -113.004
   32.828 -112.872   32.828 -112.868   32.847 -112.868   32.866 -112.868
   32.888 -112.868   32.887 -112.850   32.901 -112.850   32.901 -112.816
   32.916 -112.816   32.916 -112.734   32.916 -112.732   32.916 -112.714
   32.912 -112.714   32.902 -112.713   32.901 -112.714
   6                 32.901   32.886 -112.713 -112.714   32.901 -112.714
   32.888 -112.713   32.886 -112.713
   8                 32.886   32.857 -112.713 -112.714   32.886 -112.713
   32.884 -112.713   32.876 -112.713   32.857 -112.714
  16                 32.857   32.638 -112.305 -112.716   32.857 -112.714
   32.857 -112.716   32.850 -112.716   32.826 -112.716   32.828 -112.516
   32.831 -112.305   32.665 -112.306   32.638 -112.305
  16                 32.877   32.828 -113.004 -113.124   32.828 -113.004
   32.828 -113.034   32.841 -113.034   32.864 -113.034   32.864 -113.050
   32.877 -113.050   32.877 -113.108   32.872 -113.124
   6                 32.872   32.856 -113.124 -113.141   32.872 -113.124
   32.856 -113.124   32.856 -113.141
   4                 32.857   32.856 -113.141 -113.174   32.856 -113.141
   32.857 -113.174
   4                 32.857   32.857 -113.174 -113.196   32.857 -113.174
   32.857 -113.196
   4                 32.770   32.769 -113.332 -113.417   32.769 -113.332
   32.770 -113.417
   4                 32.770   32.770 -113.417 -113.435   32.770 -113.417
   32.770 -113.435
   4                 32.770   32.770 -113.435 -113.469   32.770 -113.435
   32.770 -113.469
   4                 32.770   32.770 -113.469 -113.485   32.770 -113.469
   32.770 -113.485
  26                 32.958   32.844 -113.645 -113.829   32.844 -113.828
   32.885 -113.829   32.885 -113.795   32.899 -113.794   32.900 -113.745
   32.916 -113.745   32.917 -113.726   32.931 -113.726   32.932 -113.676
   32.945 -113.677   32.945 -113.667   32.958 -113.668   32.958 -113.645
   6                 32.799   32.784 -113.952 -113.969   32.784 -113.969
   32.799 -113.968   32.799 -113.952
   4                 32.783   32.783 -114.036 -114.052   32.783 -114.036
   32.783 -114.052
   4                 32.783   32.783 -114.002 -114.036   32.783 -114.002
   32.783 -114.036
   4                 32.784   32.783 -113.969 -113.985   32.784 -113.969
   32.783 -113.985
   4                 32.783   32.783 -113.985 -114.002   32.783 -113.985
   32.783 -114.002
   4                 32.624   32.623 -114.259 -114.292   32.624 -114.259
   32.623 -114.292
   4                 32.624   32.624 -114.240 -114.259   32.624 -114.240
   32.624 -114.259
   4                 32.624   32.624 -114.136 -114.240   32.624 -114.136
   32.624 -114.240
   4                 32.624   32.624 -114.120 -114.136   32.624 -114.120
   32.624 -114.136
   6                 32.639   32.623 -114.102 -114.120   32.639 -114.103
   32.623 -114.102   32.624 -114.120
   4                 32.639   32.639 -114.086 -114.103   32.639 -114.086
   32.639 -114.103
  10                 32.655   32.639 -113.983 -114.086   32.639 -114.086
   32.639 -114.052   32.640 -114.016   32.655 -114.017   32.655 -113.983
   6                 32.670   32.655 -113.966 -113.983   32.670 -113.966
   32.655 -113.966   32.655 -113.983
   4                 32.682   32.682 -113.864 -113.872   32.682 -113.864
   32.682 -113.872
  10                 32.728   32.682 -113.744 -113.864   32.728 -113.744
   32.698 -113.745   32.698 -113.813   32.682 -113.812   32.682 -113.864
  10                 32.770   32.729 -113.485 -113.727   32.770 -113.485
   32.769 -113.609   32.741 -113.684   32.729 -113.716   32.729 -113.727
   4                 32.729   32.728 -113.727 -113.744   32.729 -113.727
   32.728 -113.744
   6                 32.682   32.670 -113.872 -113.966   32.682 -113.872
   32.670 -113.872   32.670 -113.966
   4                 32.769   32.769 -113.296 -113.332   32.769 -113.296
   32.769 -113.332
   4                 32.770   32.769 -113.246 -113.296   32.770 -113.246
   32.769 -113.296
   8                 32.783   32.769 -113.229 -113.246   32.783 -113.229
   32.782 -113.229   32.769 -113.229   32.770 -113.246
   8                 32.829   32.816 -113.865 -113.916   32.816 -113.916
   32.829 -113.916   32.829 -113.876   32.829 -113.865
   6                 32.844   32.829 -113.828 -113.865   32.829 -113.865
   32.830 -113.828   32.844 -113.828
   4                 32.783   32.783 -114.052 -114.070   32.783 -114.052
   32.783 -114.070
   6                 32.626   32.623 -114.292 -114.357   32.623 -114.292
   32.623 -114.356   32.626 -114.357
   8                 32.783   32.764 -114.070 -114.290   32.783 -114.070
   32.781 -114.241   32.764 -114.263   32.768 -114.290
   4                 32.816   32.799 -113.915 -113.916   32.799 -113.915
   32.816 -113.916
   4                 32.799   32.799 -113.932 -113.952   32.799 -113.952
   32.799 -113.932
   4                 32.799   32.799 -113.915 -113.932   32.799 -113.932
   32.799 -113.915
   4                 32.505   32.504 -112.963 -113.133   32.505 -113.133
   32.504 -112.963
   4                 32.505   32.504 -112.929 -112.963   32.504 -112.963
   32.505 -112.929
   8                 32.505   32.464 -112.828 -112.872   32.505 -112.871
   32.478 -112.872   32.477 -112.828   32.464 -112.828
   6                 32.464   32.434 -112.828 -112.845   32.464 -112.828
   32.464 -112.844   32.434 -112.845
   4                 32.434   32.433 -112.845 -112.929   32.434 -112.845
   32.433 -112.929
  10                 32.857   32.783 -113.196 -113.229   32.857 -113.196
   32.828 -113.196   32.828 -113.229   32.811 -113.229   32.783 -113.229
   6                 32.418   32.234 -113.959 -114.559   32.418 -114.559
   32.353 -114.345   32.234 -113.959
  12                 32.638   32.506 -112.305 -112.572   32.638 -112.305
   32.628 -112.305   32.596 -112.305   32.597 -112.524   32.596 -112.571
   32.506 -112.572
   6                 33.288   33.163 -114.574 -114.577   33.288 -114.577
   33.215 -114.576   33.163 -114.574
   6                 32.180   32.150 -109.877 -109.898   32.150 -109.898
   32.165 -109.888   32.180 -109.877
  14                 32.150   32.080 -109.843 -109.906   32.150 -109.898
   32.139 -109.906   32.123 -109.902   32.122 -109.893   32.080 -109.892
   32.080 -109.861   32.080 -109.843
  30                 32.210   32.080 -109.767 -109.877   32.180 -109.877
   32.193 -109.870   32.194 -109.846   32.195 -109.820   32.210 -109.820
   32.210 -109.819   32.209 -109.767   32.152 -109.768   32.152 -109.782
   32.138 -109.783   32.138 -109.799   32.109 -109.799   32.108 -109.817
   32.080 -109.819   32.080 -109.827
   4                 32.080   32.080 -109.827 -109.843   32.080 -109.827
   32.080 -109.843
